<?xml version="1.0" encoding="utf-8"?>
<COLLADA xmlns="http://www.collada.org/2005/11/COLLADASchema" version="1.4.1">
  <asset><contributor><author>Mixamo</author><authoring_tool>COLLADA Mixamo exporter</authoring_tool><comments></comments></contributor><created>2021-04-14T14:12:56Z</created><modified>2021-04-14T14:12:56Z</modified><revision></revision><title></title><unit meter="0.010000"/><up_axis>Y_UP</up_axis></asset>
  <library_animations>
    <animation id="Hips-anim" name="Hips"><source id="Hips-Matrix-animation-input"><float_array id="Hips-Matrix-animation-input-array" count="37">

0.000000 0.033333 0.066667 0.100000 0.133333 0.166667 0.200000 0.233333 0.266667 0.300000 0.333333 0.366667 0.400000 0.433333 0.466667 0.500000
0.533333 0.566667 0.600000 0.633333 0.666667 0.700000 0.733333 0.766667 0.800000 0.833333 0.866667 0.900000 0.933333 0.966667 1.000000 1.033333
1.066667 1.100000 1.133333 1.166667 1.200000</float_array><technique_common><accessor source="#Hips-Matrix-animation-input-array" count="37"><param name="TIME" type="float"/></accessor></technique_common></source><source id="Hips-Matrix-animation-output-transform"><float_array id="Hips-Matrix-animation-output-transform-array" count="592">

0.999484 -0.008035 0.031107 0.323724 0.004037 0.991956 0.126516 114.085335 -0.031873 -0.126325 0.991477 -0.275427 0.000000 0.000000 0.000000 1.000000
0.998412 -0.012359 0.054965 0.113054 0.004582 0.990222 0.139425 113.667473 -0.056150 -0.138952 0.988706 0.695135 0.000000 0.000000 0.000000 1.000000
0.996824 -0.009247 0.079092 -0.027755 -0.002868 0.988421 0.151711 112.788223 -0.079579 -0.151456 0.985255 1.566424 0.000000 0.000000 0.000000 1.000000
0.994843 -0.003092 0.101379 -0.086734 -0.013571 0.986489 0.163262 111.710022 -0.100514 -0.163796 0.981360 2.410328 0.000000 0.000000 0.000000 1.000000
0.992737 0.000441 0.120301 -0.060756 -0.021602 0.984392 0.174660 110.805611 -0.118346 -0.175990 0.977252 3.254188 0.000000 0.000000 0.000000 1.000000
0.990427 -0.001098 0.138031 0.074943 -0.024697 0.982422 0.185032 110.098442 -0.135808 -0.186670 0.972991 3.948243 0.000000 0.000000 0.000000 1.000000
0.987363 -0.007234 0.158308 0.375654 -0.023304 0.981470 0.190195 109.462891 -0.156750 -0.191481 0.968899 4.128399 0.000000 0.000000 0.000000 1.000000
0.983444 -0.015967 0.180506 0.858103 -0.018289 0.982279 0.186530 109.032616 -0.180286 -0.186743 0.965725 3.530946 0.000000 0.000000 0.000000 1.000000
0.979478 -0.025641 0.199911 1.500303 -0.009948 0.984516 0.175015 108.827843 -0.201303 -0.173412 0.964057 2.160134 0.000000 0.000000 0.000000 1.000000
0.976144 -0.040497 0.213312 2.222061 0.005373 0.986656 0.162729 108.687355 -0.217056 -0.157701 0.963336 0.284126 0.000000 0.000000 0.000000 1.000000
0.973712 -0.067181 0.217649 2.866707 0.032979 0.987028 0.157122 108.404099 -0.225381 -0.145814 0.963297 -1.498942 0.000000 0.000000 0.000000 1.000000
0.972571 -0.093234 0.213102 3.466839 0.061005 0.986325 0.153107 107.982399 -0.224462 -0.135907 0.964959 -2.996578 0.000000 0.000000 0.000000 1.000000
0.974237 -0.101413 0.201440 4.040719 0.073272 0.987070 0.142561 108.068604 -0.213293 -0.124129 0.969071 -4.234219 0.000000 0.000000 0.000000 1.000000
0.981363 -0.081165 0.174180 4.725348 0.058305 0.989457 0.132571 109.338112 -0.183103 -0.119945 0.975749 -5.057877 0.000000 0.000000 0.000000 1.000000
0.991034 -0.035690 0.128752 5.528266 0.018539 0.991073 0.132025 111.525589 -0.132315 -0.128454 0.982849 -5.318881 0.000000 0.000000 0.000000 1.000000
0.996405 0.003403 0.084652 6.097598 -0.014957 0.990563 0.136238 113.594124 -0.083390 -0.137014 0.987053 -4.937811 0.000000 0.000000 0.000000 1.000000
0.998309 0.026382 0.051797 6.343309 -0.033430 0.989545 0.140294 114.922592 -0.047555 -0.141788 0.988754 -4.168449 0.000000 0.000000 0.000000 1.000000
0.998686 0.045066 0.024412 6.436198 -0.048176 0.987958 0.147034 115.504265 -0.017492 -0.148016 0.988830 -3.256040 0.000000 0.000000 0.000000 1.000000
0.998166 0.060535 0.000233 6.444983 -0.059837 0.986064 0.155233 115.538979 0.009167 -0.154962 0.987878 -2.317961 0.000000 0.000000 0.000000 1.000000
0.997511 0.067733 -0.019579 6.352259 -0.063680 0.984706 0.162168 115.094162 0.030264 -0.160518 0.986569 -1.388478 0.000000 0.000000 0.000000 1.000000
0.997221 0.065799 -0.034942 6.208048 -0.059013 0.983913 0.168619 114.283302 0.045475 -0.166088 0.985062 -0.438285 0.000000 0.000000 0.000000 1.000000
0.997164 0.058576 -0.047254 6.068807 -0.049497 0.983405 0.174541 113.355026 0.056694 -0.171707 0.983515 0.545148 0.000000 0.000000 0.000000 1.000000
0.996857 0.050443 -0.061094 5.921295 -0.038819 0.983195 0.178386 112.395691 0.069065 -0.175453 0.982062 1.457405 0.000000 0.000000 0.000000 1.000000
0.995780 0.044307 -0.080365 5.741802 -0.029445 0.983682 0.177489 111.311600 0.086917 -0.174374 0.980836 2.072513 0.000000 0.000000 0.000000 1.000000
0.993809 0.042335 -0.102715 5.486464 -0.024276 0.984959 0.171076 110.221725 0.108413 -0.167524 0.979889 2.276647 0.000000 0.000000 0.000000 1.000000
0.991430 0.047328 -0.121764 5.158413 -0.027132 0.986341 0.162463 109.430481 0.127790 -0.157767 0.979173 2.168288 0.000000 0.000000 0.000000 1.000000
0.989242 0.061716 -0.132636 4.819873 -0.041356 0.987651 0.151113 108.874100 0.140324 -0.144002 0.979578 1.675524 0.000000 0.000000 0.000000 1.000000
0.986562 0.086942 -0.138333 4.450472 -0.068178 0.988493 0.135033 108.316719 0.148481 -0.123787 0.981137 0.578192 0.000000 0.000000 0.000000 1.000000
0.982143 0.120022 -0.144878 4.024272 -0.103107 0.987512 0.119116 107.871796 0.157365 -0.102051 0.982253 -0.895552 0.000000 0.000000 0.000000 1.000000
0.977112 0.151062 -0.149776 3.587872 -0.136205 0.985102 0.104984 107.499001 0.163403 -0.082181 0.983131 -2.292468 0.000000 0.000000 0.000000 1.000000
0.975422 0.164780 -0.146286 3.144970 -0.152547 0.984069 0.091311 107.668091 0.159002 -0.066751 0.985019 -3.546104 0.000000 0.000000 0.000000 1.000000
0.979689 0.153922 -0.128522 2.703558 -0.143871 0.986009 0.084185 108.764771 0.139682 -0.063984 0.988127 -4.334036 0.000000 0.000000 0.000000 1.000000
0.986821 0.127128 -0.100110 2.184925 -0.118805 0.989261 0.085138 110.233719 0.109859 -0.072122 0.991327 -4.286093 0.000000 0.000000 0.000000 1.000000
0.993271 0.094245 -0.067309 1.640391 -0.087978 0.991986 0.090680 111.567169 0.075316 -0.084148 0.993603 -3.556567 0.000000 0.000000 0.000000 1.000000
0.997772 0.058154 -0.032690 1.161813 -0.054627 0.993486 0.100004 112.798820 0.038293 -0.097995 0.994450 -2.542382 0.000000 0.000000 0.000000 1.000000
0.999733 0.023105 0.000976 0.734890 -0.023068 0.993380 0.112533 113.741119 0.001631 -0.112525 0.993648 -1.406423 0.000000 0.000000 0.000000 1.000000
0.999484 -0.008035 0.031107 0.323725 0.004037 0.991956 0.126516 114.085350 -0.031873 -0.126325 0.991477 -0.275427 0.000000 0.000000 0.000000 1.000000</float_array><technique_common><accessor source="#Hips-Matrix-animation-output-transform-array" count="37" stride="16"><param type="float4x4"/></accessor></technique_common></source><source id="Hips-Interpolations"><Name_array id="Hips-Interpolations-array" count="37">
 LINEAR LINEAR LINEAR LINEAR LINEAR LINEAR LINEAR LINEAR LINEAR LINEAR LINEAR
LINEAR LINEAR LINEAR LINEAR LINEAR LINEAR LINEAR LINEAR LINEAR LINEAR LINEAR LINEAR
LINEAR LINEAR LINEAR LINEAR LINEAR LINEAR LINEAR LINEAR LINEAR LINEAR LINEAR LINEAR
LINEAR LINEAR</Name_array><technique_common><accessor source="#Hips-Interpolations-array" count="37"><param type="name"/></accessor></technique_common></source><sampler id="Hips-Matrix-animation-transform"><input semantic="INPUT" source="#Hips-Matrix-animation-input"/><input semantic="OUTPUT" source="#Hips-Matrix-animation-output-transform"/><input semantic="INTERPOLATION" source="#Hips-Interpolations"/></sampler><channel source="#Hips-Matrix-animation-transform" target="Hips/matrix"/></animation>
    <animation id="Spine-anim" name="Spine"><source id="Spine-Matrix-animation-input"><float_array id="Spine-Matrix-animation-input-array" count="37">

0.000000 0.033333 0.066667 0.100000 0.133333 0.166667 0.200000 0.233333 0.266667 0.300000 0.333333 0.366667 0.400000 0.433333 0.466667 0.500000
0.533333 0.566667 0.600000 0.633333 0.666667 0.700000 0.733333 0.766667 0.800000 0.833333 0.866667 0.900000 0.933333 0.966667 1.000000 1.033333
1.066667 1.100000 1.133333 1.166667 1.200000</float_array><technique_common><accessor source="#Spine-Matrix-animation-input-array" count="37"><param name="TIME" type="float"/></accessor></technique_common></source><source id="Spine-Matrix-animation-output-transform"><float_array id="Spine-Matrix-animation-output-transform-array" count="592">

0.996568 -0.003601 0.082701 -0.006600 0.023493 0.970277 -0.240853 10.822600 -0.079375 0.241969 0.967032 -0.430700 0.000000 0.000000 0.000000 1.000000
0.998019 -0.011967 0.061770 -0.006600 0.025854 0.973032 -0.229215 10.822600 -0.057361 0.230358 0.971414 -0.430700 0.000000 0.000000 0.000000 1.000000
0.999077 -0.029326 0.031371 -0.006600 0.035455 0.975474 -0.217241 10.822600 -0.024231 0.218153 0.975614 -0.430700 0.000000 0.000000 0.000000 1.000000
0.998976 -0.045002 -0.004649 -0.006600 0.043075 0.977525 -0.206374 10.822600 0.013832 0.205962 0.978462 -0.430700 0.000000 0.000000 0.000000 1.000000
0.997604 -0.054882 -0.042125 -0.006600 0.045445 0.978919 -0.199131 10.822600 0.052166 0.196739 0.979067 -0.430700 0.000000 0.000000 0.000000 1.000000
0.994679 -0.055579 -0.086743 -0.006600 0.037766 0.980093 -0.194914 10.822600 0.095849 0.190601 0.976977 -0.430700 0.000000 0.000000 0.000000 1.000000
0.990616 -0.051092 -0.126769 -0.006600 0.025446 0.980229 -0.196223 10.822600 0.134288 0.191156 0.972330 -0.430700 0.000000 0.000000 0.000000 1.000000
0.987044 -0.043932 -0.154317 -0.006600 0.011486 0.978664 -0.205147 10.822600 0.160037 0.200716 0.966489 -0.430700 0.000000 0.000000 0.000000 1.000000
0.984282 -0.035391 -0.173021 -0.006600 -0.002918 0.976322 -0.216303 10.822600 0.176580 0.213408 0.960873 -0.430700 0.000000 0.000000 0.000000 1.000000
0.982568 -0.026464 -0.184011 -0.006600 -0.017611 0.972114 -0.233846 10.822600 0.185068 0.233010 0.954702 -0.430700 0.000000 0.000000 0.000000 1.000000
0.980138 0.009047 -0.198111 -0.006600 -0.059697 0.966085 -0.251230 10.822600 0.189119 0.258067 0.947436 -0.430700 0.000000 0.000000 0.000000 1.000000
0.977758 0.040840 -0.205722 -0.006600 -0.096390 0.958637 -0.267814 10.822600 0.186275 0.281687 0.941251 -0.430700 0.000000 0.000000 0.000000 1.000000
0.975319 0.061961 -0.211928 -0.006600 -0.119731 0.954864 -0.271844 10.822600 0.185519 0.290509 0.938716 -0.430700 0.000000 0.000000 0.000000 1.000000
0.978874 0.051638 -0.197835 -0.006600 -0.106941 0.953987 -0.280129 10.822600 0.174267 0.295368 0.939355 -0.430700 0.000000 0.000000 0.000000 1.000000
0.989574 0.007611 -0.143826 -0.006600 -0.050862 0.952731 -0.299529 10.822600 0.134748 0.303721 0.943184 -0.430700 0.000000 0.000000 0.000000 1.000000
0.994644 -0.019700 -0.101467 -0.006600 -0.012013 0.952984 -0.302784 10.822600 0.102661 0.302381 0.947643 -0.430700 0.000000 0.000000 0.000000 1.000000
0.997016 -0.030046 -0.071114 -0.006600 0.007590 0.954844 -0.297010 10.822600 0.076827 0.295584 0.952222 -0.430700 0.000000 0.000000 0.000000 1.000000
0.998720 -0.033258 -0.038116 -0.006600 0.020946 0.957751 -0.286836 10.822600 0.046045 0.285670 0.957221 -0.430700 0.000000 0.000000 0.000000 1.000000
0.999396 -0.033746 -0.008344 -0.006600 0.030118 0.960424 -0.276909 10.822600 0.017358 0.276490 0.960860 -0.430700 0.000000 0.000000 0.000000 1.000000
0.999447 -0.025698 0.021089 -0.006600 0.030353 0.964145 -0.263635 10.822600 -0.013558 0.264129 0.964392 -0.430700 0.000000 0.000000 0.000000 1.000000
0.998758 -0.010446 0.048724 -0.006600 0.022378 0.967662 -0.251255 10.822600 -0.044523 0.252034 0.966694 -0.430700 0.000000 0.000000 0.000000 1.000000
0.996758 0.005995 0.080228 -0.006600 0.013328 0.971136 -0.238154 10.822600 -0.079340 0.238451 0.967908 -0.430700 0.000000 0.000000 0.000000 1.000000
0.992777 0.021554 0.118021 -0.006600 0.005481 0.974553 -0.224091 10.822600 -0.119848 0.223119 0.967396 -0.430700 0.000000 0.000000 0.000000 1.000000
0.986018 0.034790 0.162964 -0.006600 0.000737 0.977042 -0.213044 10.822600 -0.166634 0.210185 0.963356 -0.430700 0.000000 0.000000 0.000000 1.000000
0.976790 0.043882 0.209654 -0.006600 0.000138 0.978661 -0.205481 10.822600 -0.214197 0.200741 0.955941 -0.430700 0.000000 0.000000 0.000000 1.000000
0.969195 0.043667 0.242391 -0.006600 0.007112 0.978785 -0.204766 10.822600 -0.246190 0.200182 0.948324 -0.430700 0.000000 0.000000 0.000000 1.000000
0.962423 0.028313 0.270075 -0.006600 0.028475 0.978545 -0.204058 10.822600 -0.270058 0.204081 0.940967 -0.430700 0.000000 0.000000 0.000000 1.000000
0.957009 -0.003068 0.290041 -0.006600 0.065825 0.976151 -0.206871 10.822600 -0.282490 0.217069 0.934388 -0.430700 0.000000 0.000000 0.000000 1.000000
0.950279 -0.045077 0.308121 -0.006600 0.114292 0.970901 -0.210450 10.822600 -0.289668 0.235202 0.927778 -0.430700 0.000000 0.000000 0.000000 1.000000
0.944718 -0.085355 0.316578 -0.006600 0.158366 0.964217 -0.212619 10.822600 -0.287102 0.251000 0.924430 -0.430700 0.000000 0.000000 0.000000 1.000000
0.938927 -0.117867 0.323301 -0.006600 0.192876 0.958319 -0.210771 10.822600 -0.284983 0.260255 0.922525 -0.430700 0.000000 0.000000 0.000000 1.000000
0.946356 -0.113539 0.302521 -0.006600 0.187162 0.955796 -0.226769 10.822600 -0.263401 0.271225 0.925774 -0.430700 0.000000 0.000000 0.000000 1.000000
0.963452 -0.089628 0.252443 -0.006600 0.152678 0.958050 -0.242549 10.822600 -0.220114 0.272227 0.936719 -0.430700 0.000000 0.000000 0.000000 1.000000
0.976882 -0.061097 0.204863 -0.006600 0.111984 0.962541 -0.246930 10.822600 -0.182102 0.264163 0.947131 -0.430700 0.000000 0.000000 0.000000 1.000000
0.985162 -0.039275 0.167071 -0.006600 0.080092 0.966171 -0.245151 10.822600 -0.151791 0.254894 0.954981 -0.430700 0.000000 0.000000 0.000000 1.000000
0.992063 -0.019280 0.124255 -0.006600 0.049305 0.968685 -0.243350 10.822600 -0.115672 0.247545 0.961947 -0.430700 0.000000 0.000000 0.000000 1.000000
0.996568 -0.003601 0.082701 -0.006600 0.023493 0.970277 -0.240853 10.822600 -0.079375 0.241969 0.967032 -0.430700 0.000000 0.000000 0.000000 1.000000</float_array><technique_common><accessor source="#Spine-Matrix-animation-output-transform-array" count="37" stride="16"><param type="float4x4"/></accessor></technique_common></source><source id="Spine-Interpolations"><Name_array id="Spine-Interpolations-array" count="37">
 LINEAR LINEAR LINEAR LINEAR LINEAR LINEAR LINEAR LINEAR LINEAR LINEAR LINEAR
LINEAR LINEAR LINEAR LINEAR LINEAR LINEAR LINEAR LINEAR LINEAR LINEAR LINEAR LINEAR
LINEAR LINEAR LINEAR LINEAR LINEAR LINEAR LINEAR LINEAR LINEAR LINEAR LINEAR LINEAR
LINEAR LINEAR</Name_array><technique_common><accessor source="#Spine-Interpolations-array" count="37"><param type="name"/></accessor></technique_common></source><sampler id="Spine-Matrix-animation-transform"><input semantic="INPUT" source="#Spine-Matrix-animation-input"/><input semantic="OUTPUT" source="#Spine-Matrix-animation-output-transform"/><input semantic="INTERPOLATION" source="#Spine-Interpolations"/></sampler><channel source="#Spine-Matrix-animation-transform" target="Spine/matrix"/></animation>
    <animation id="Spine1-anim" name="Spine1"><source id="Spine1-Matrix-animation-input"><float_array id="Spine1-Matrix-animation-input-array" count="37">

0.000000 0.033333 0.066667 0.100000 0.133333 0.166667 0.200000 0.233333 0.266667 0.300000 0.333333 0.366667 0.400000 0.433333 0.466667 0.500000
0.533333 0.566667 0.600000 0.633333 0.666667 0.700000 0.733333 0.766667 0.800000 0.833333 0.866667 0.900000 0.933333 0.966667 1.000000 1.033333
1.066667 1.100000 1.133333 1.166667 1.200000</float_array><technique_common><accessor source="#Spine1-Matrix-animation-input-array" count="37"><param name="TIME" type="float"/></accessor></technique_common></source><source id="Spine1-Matrix-animation-output-transform"><float_array id="Spine1-Matrix-animation-output-transform-array" count="592">

0.999582 0.009780 0.027219 0.000000 -0.005944 0.990468 -0.137615 12.626300 -0.028305 0.137396 0.990112 -0.211200 0.000000 0.000000 0.000000 1.000000
0.999719 0.008333 0.022173 0.000000 -0.005224 0.990590 -0.136765 12.626300 -0.023104 0.136611 0.990355 -0.211200 0.000000 0.000000 0.000000 1.000000
0.999875 0.004993 0.014992 0.000000 -0.002900 0.990631 -0.136534 12.626300 -0.015534 0.136474 0.990522 -0.211200 0.000000 0.000000 0.000000 1.000000
0.999976 0.001928 0.006710 -0.000000 -0.000994 0.990640 -0.136494 12.626300 -0.006910 0.136484 0.990618 -0.211200 0.000000 0.000000 0.000000 1.000000
0.999999 -0.000527 -0.001405 0.000000 0.000329 0.990553 -0.137131 12.626300 0.001464 0.137130 0.990552 -0.211200 0.000000 0.000000 0.000000 1.000000
0.999942 -0.001992 -0.010626 0.000000 0.000505 0.990401 -0.138223 12.626300 0.010799 0.138209 0.990344 -0.211200 0.000000 0.000000 0.000000 1.000000
0.999816 -0.002726 -0.018974 -0.000000 0.000054 0.990237 -0.139394 12.626300 0.019169 0.139367 0.990055 -0.211200 0.000000 0.000000 0.000000 1.000000
0.999691 -0.002231 -0.024753 0.000000 -0.001262 0.990124 -0.140189 12.626300 0.024822 0.140177 0.989815 -0.211200 0.000000 0.000000 0.000000 1.000000
0.999602 -0.001690 -0.028161 0.000000 -0.002258 0.990207 -0.139587 12.626300 0.028121 0.139595 0.989809 -0.211200 0.000000 0.000000 0.000000 1.000000
0.999584 -0.003717 -0.028586 0.000000 -0.000283 0.990338 -0.138671 12.626300 0.028825 0.138621 0.989926 -0.211200 0.000000 0.000000 0.000000 1.000000
0.999631 -0.008981 -0.025642 0.000000 0.005276 0.989987 -0.141060 12.626300 0.026652 0.140872 0.989669 -0.211200 0.000000 0.000000 0.000000 1.000000
0.999701 -0.012202 -0.021173 -0.000000 0.009049 0.989666 -0.143103 12.626300 0.022700 0.142868 0.989481 -0.211200 0.000000 0.000000 0.000000 1.000000
0.999746 -0.014339 -0.017411 0.000000 0.011706 0.989664 -0.142930 12.626300 0.019280 0.142690 0.989580 -0.211200 0.000000 0.000000 0.000000 1.000000
0.999785 -0.014678 -0.014642 -0.000000 0.012445 0.989735 -0.142372 12.626300 0.016581 0.142160 0.989705 -0.211200 0.000000 0.000000 0.000000 1.000000
0.999888 -0.011016 -0.010121 0.000000 0.009464 0.989771 -0.142354 12.626300 0.011586 0.142242 0.989764 -0.211200 0.000000 0.000000 0.000000 1.000000
0.999955 -0.007739 -0.005484 -0.000000 0.006881 0.989814 -0.142199 12.626300 0.006529 0.142155 0.989823 -0.211200 0.000000 0.000000 0.000000 1.000000
0.999972 -0.007528 0.000043 0.000000 0.007459 0.989934 -0.141331 12.626300 0.001021 0.141327 0.989962 -0.211200 0.000000 0.000000 0.000000 1.000000
0.999952 -0.007131 0.006758 0.000000 0.008007 0.990124 -0.139965 12.626300 -0.005694 0.140012 0.990133 -0.211200 0.000000 0.000000 0.000000 1.000000
0.999883 -0.007666 0.013238 0.000000 0.009436 0.990203 -0.139316 12.626300 -0.012040 0.139425 0.990159 -0.211200 0.000000 0.000000 0.000000 1.000000
0.999775 -0.006969 0.020041 0.000000 0.009670 0.990387 -0.137989 12.626300 -0.018887 0.138152 0.990231 -0.211200 0.000000 0.000000 0.000000 1.000000
0.999633 -0.004853 0.026635 -0.000000 0.008484 0.990404 -0.137945 12.626300 -0.025710 0.138121 0.990082 -0.211200 0.000000 0.000000 0.000000 1.000000
0.999424 -0.001742 0.033892 -0.000000 0.006422 0.990346 -0.138467 12.626300 -0.033324 0.138605 0.989787 -0.211200 0.000000 0.000000 0.000000 1.000000
0.999111 0.002171 0.042096 -0.000000 0.003672 0.990392 -0.138239 12.626300 -0.041992 0.138270 0.989504 -0.211200 0.000000 0.000000 0.000000 1.000000
0.998641 0.005721 0.051797 0.000000 0.001423 0.990591 -0.136847 12.626300 -0.052093 0.136735 0.989237 -0.211200 0.000000 0.000000 0.000000 1.000000
0.998065 0.007833 0.061690 -0.000000 0.000508 0.990975 -0.134043 12.626300 -0.062183 0.133815 0.989053 -0.211200 0.000000 0.000000 0.000000 1.000000
0.997610 0.009711 0.068416 0.000000 -0.000572 0.991204 -0.132344 12.626300 -0.069099 0.131989 0.988840 -0.211200 0.000000 0.000000 0.000000 1.000000
0.997218 0.010316 0.073818 0.000000 -0.000523 0.991320 -0.131474 12.626300 -0.074534 0.131069 0.988567 -0.211200 0.000000 0.000000 0.000000 1.000000
0.997032 0.009329 0.076426 -0.000000 0.000860 0.991221 -0.132209 12.626300 -0.076988 0.131882 0.988271 -0.211200 0.000000 0.000000 0.000000 1.000000
0.997109 0.011046 0.075173 -0.000000 -0.000864 0.990961 -0.134150 12.626300 -0.075976 0.133697 0.988106 -0.211200 0.000000 0.000000 0.000000 1.000000
0.997390 0.013181 0.070987 -0.000000 -0.003580 0.991012 -0.133725 12.626300 -0.072112 0.133122 0.988473 -0.211200 0.000000 0.000000 0.000000 1.000000
0.997658 0.016082 0.066478 0.000000 -0.007064 0.990993 -0.133730 12.626300 -0.068030 0.132947 0.988786 -0.211200 0.000000 0.000000 0.000000 1.000000
0.998026 0.016324 0.060640 0.000000 -0.008035 0.990881 -0.134498 12.626300 -0.062283 0.133745 0.989057 -0.211200 0.000000 0.000000 0.000000 1.000000
0.998102 0.007170 0.061163 -0.000000 0.000942 0.991303 -0.131594 12.626300 -0.061575 0.131402 0.989415 -0.211200 0.000000 0.000000 0.000000 1.000000
0.998224 0.000551 0.059575 0.000000 0.007186 0.991543 -0.129583 12.626300 -0.059142 0.129781 0.989777 -0.211200 0.000000 0.000000 0.000000 1.000000
0.998706 0.003519 0.050730 -0.000000 0.003191 0.991299 -0.131590 12.626300 -0.050752 0.131581 0.990005 -0.211200 0.000000 0.000000 0.000000 1.000000
0.999204 0.006951 0.039269 0.000000 -0.001610 0.990923 -0.134422 12.626300 -0.039847 0.134252 0.990146 -0.211200 0.000000 0.000000 0.000000 1.000000
0.999582 0.009780 0.027219 -0.000000 -0.005944 0.990468 -0.137615 12.626300 -0.028305 0.137396 0.990112 -0.211200 0.000000 0.000000 0.000000 1.000000</float_array><technique_common><accessor source="#Spine1-Matrix-animation-output-transform-array" count="37" stride="16"><param type="float4x4"/></accessor></technique_common></source><source id="Spine1-Interpolations"><Name_array id="Spine1-Interpolations-array" count="37">
 LINEAR LINEAR LINEAR LINEAR LINEAR LINEAR LINEAR LINEAR LINEAR LINEAR LINEAR
LINEAR LINEAR LINEAR LINEAR LINEAR LINEAR LINEAR LINEAR LINEAR LINEAR LINEAR LINEAR
LINEAR LINEAR LINEAR LINEAR LINEAR LINEAR LINEAR LINEAR LINEAR LINEAR LINEAR LINEAR
LINEAR LINEAR</Name_array><technique_common><accessor source="#Spine1-Interpolations-array" count="37"><param type="name"/></accessor></technique_common></source><sampler id="Spine1-Matrix-animation-transform"><input semantic="INPUT" source="#Spine1-Matrix-animation-input"/><input semantic="OUTPUT" source="#Spine1-Matrix-animation-output-transform"/><input semantic="INTERPOLATION" source="#Spine1-Interpolations"/></sampler><channel source="#Spine1-Matrix-animation-transform" target="Spine1/matrix"/></animation>
    <animation id="Spine2-anim" name="Spine2"><source id="Spine2-Matrix-animation-input"><float_array id="Spine2-Matrix-animation-input-array" count="37">

0.000000 0.033333 0.066667 0.100000 0.133333 0.166667 0.200000 0.233333 0.266667 0.300000 0.333333 0.366667 0.400000 0.433333 0.466667 0.500000
0.533333 0.566667 0.600000 0.633333 0.666667 0.700000 0.733333 0.766667 0.800000 0.833333 0.866667 0.900000 0.933333 0.966667 1.000000 1.033333
1.066667 1.100000 1.133333 1.166667 1.200000</float_array><technique_common><accessor source="#Spine2-Matrix-animation-input-array" count="37"><param name="TIME" type="float"/></accessor></technique_common></source><source id="Spine2-Matrix-animation-output-transform"><float_array id="Spine2-Matrix-animation-output-transform-array" count="592">

0.999514 0.007353 0.030287 0.000000 -0.003207 0.990876 -0.134742 14.430100 -0.031001 0.134579 0.990418 0.000000 0.000000 0.000000 0.000000 1.000000
0.999665 0.005869 0.025217 0.000000 -0.002441 0.990996 -0.133869 14.430100 -0.025776 0.133763 0.990678 0.000000 0.000000 0.000000 0.000000 1.000000
0.999834 0.002496 0.018072 0.000000 -0.000060 0.991037 -0.133590 14.430100 -0.018243 0.133566 0.990872 -0.000000 0.000000 0.000000 0.000000 1.000000
0.999952 -0.000578 0.009785 0.000000 0.001879 0.991047 -0.133500 14.430100 -0.009621 0.133512 0.991000 -0.000000 0.000000 0.000000 0.000000 1.000000
0.999994 -0.003016 0.001651 0.000000 0.003210 0.990963 -0.134094 14.430100 -0.001232 0.134099 0.990967 0.000000 0.000000 0.000000 0.000000 1.000000
0.999961 -0.004442 -0.007588 -0.000000 0.003376 0.990818 -0.135162 14.430100 0.008118 0.135131 0.990795 0.000000 0.000000 0.000000 0.000000 1.000000
0.999860 -0.005140 -0.015943 0.000000 0.002918 0.990658 -0.136339 14.430100 0.016495 0.136274 0.990534 -0.000000 0.000000 0.000000 0.000000 1.000000
0.999754 -0.004653 -0.021703 0.000000 0.001633 0.990547 -0.137162 14.430100 0.022136 0.137093 0.990311 0.000000 0.000000 0.000000 0.000000 1.000000
0.999681 -0.004174 -0.024928 0.000000 0.000729 0.990620 -0.136640 14.430100 0.025265 0.136579 0.990307 -0.000000 0.000000 0.000000 0.000000 1.000000
0.999668 -0.006286 -0.024984 -0.000000 0.002834 0.990722 -0.135872 14.430100 0.025606 0.135756 0.990411 0.000000 0.000000 0.000000 0.000000 1.000000
0.999701 -0.011543 -0.021544 -0.000000 0.008450 0.990325 -0.138511 14.430100 0.022934 0.138288 0.990127 -0.000000 0.000000 0.000000 0.000000 1.000000
0.999756 -0.014696 -0.016490 0.000000 0.012232 0.989975 -0.140713 14.430100 0.018393 0.140477 0.989913 0.000000 0.000000 0.000000 0.000000 1.000000
0.999786 -0.016719 -0.012207 -0.000000 0.014838 0.989951 -0.140627 14.430100 0.014436 0.140416 0.989987 0.000000 0.000000 0.000000 0.000000 1.000000
0.999815 -0.016976 -0.009079 0.000000 0.015538 0.990027 -0.140020 14.430100 0.011365 0.139853 0.990107 -0.000000 0.000000 0.000000 0.000000 1.000000
0.999903 -0.013225 -0.004370 0.000000 0.012484 0.990107 -0.139759 14.430100 0.006175 0.139691 0.990176 -0.000000 0.000000 0.000000 0.000000 1.000000
0.999952 -0.009828 0.000381 0.000000 0.009786 0.990186 -0.139410 14.430100 0.000993 0.139407 0.990235 0.000000 0.000000 0.000000 0.000000 1.000000
0.999937 -0.009490 0.006045 0.000000 0.010235 0.990324 -0.138395 14.430100 -0.004673 0.138448 0.990359 0.000000 0.000000 0.000000 0.000000 1.000000
0.999877 -0.008972 0.012890 -0.000000 0.010652 0.990533 -0.136862 14.430100 -0.011540 0.136983 0.990506 0.000000 0.000000 0.000000 0.000000 1.000000
0.999766 -0.009408 0.019493 0.000000 0.011975 0.990629 -0.136054 14.430100 -0.018030 0.136255 0.990510 0.000000 0.000000 0.000000 0.000000 1.000000
0.999615 -0.008637 0.026380 0.000000 0.012112 0.990833 -0.134551 14.430100 -0.024976 0.134818 0.990556 0.000000 0.000000 0.000000 0.000000 1.000000
0.999434 -0.006464 0.033027 0.000000 0.010848 0.990877 -0.134330 14.430100 -0.031858 0.134612 0.990386 0.000000 0.000000 0.000000 0.000000 1.000000
0.999181 -0.003310 0.040327 0.000000 0.008717 0.990855 -0.134652 14.430100 -0.039513 0.134893 0.990072 0.000000 0.000000 0.000000 0.000000 1.000000
0.998823 0.000614 0.048508 0.000000 0.005909 0.990935 -0.134212 14.430100 -0.048151 0.134340 0.989765 0.000000 0.000000 0.000000 0.000000 1.000000
0.998298 0.004187 0.058174 0.000000 0.003569 0.991167 -0.132572 14.430100 -0.058215 0.132554 0.989465 0.000000 0.000000 0.000000 0.000000 1.000000
0.997666 0.006353 0.067990 -0.000000 0.002514 0.991572 -0.129530 14.430100 -0.068240 0.129398 0.989242 -0.000000 0.000000 0.000000 0.000000 1.000000
0.997180 0.008264 0.074596 0.000000 0.001337 0.991807 -0.127742 14.430100 -0.075040 0.127482 0.988998 0.000000 0.000000 0.000000 0.000000 1.000000
0.996768 0.008914 0.079834 0.000000 0.001295 0.991912 -0.126924 14.430100 -0.080320 0.126618 0.988694 0.000000 0.000000 0.000000 0.000000 1.000000
0.996574 0.007981 0.082319 -0.000000 0.002615 0.991794 -0.127820 14.430100 -0.082664 0.127597 0.988375 -0.000000 0.000000 0.000000 0.000000 1.000000
0.996685 0.009715 0.080777 0.000000 0.000887 0.991488 -0.130192 14.430100 -0.081355 0.129832 0.988193 0.000000 0.000000 0.000000 0.000000 1.000000
0.997035 0.012060 0.076004 0.000000 -0.002058 0.991470 -0.130321 14.430100 -0.076927 0.129778 0.988554 0.000000 0.000000 0.000000 0.000000 1.000000
0.997376 0.014987 0.070834 -0.000000 -0.005607 0.991392 -0.130810 14.430100 -0.072185 0.130069 0.988874 0.000000 0.000000 0.000000 0.000000 1.000000
0.997805 0.014995 0.064507 0.000000 -0.006375 0.991254 -0.131812 14.430100 -0.065920 0.131111 0.989174 0.000000 0.000000 0.000000 0.000000 1.000000
0.997832 0.007050 0.065427 0.000000 0.001411 0.991725 -0.128376 14.430100 -0.065790 0.128190 0.989565 -0.000000 0.000000 0.000000 0.000000 1.000000
0.997942 0.001019 0.064122 0.000000 0.007090 0.991993 -0.126097 14.430100 -0.063737 0.126292 0.989943 0.000000 0.000000 0.000000 0.000000 1.000000
0.998501 0.003199 0.054636 0.000000 0.003847 0.991718 -0.128376 14.430100 -0.054594 0.128394 0.990219 -0.000000 0.000000 0.000000 0.000000 1.000000
0.999072 0.005594 0.042704 0.000000 0.000067 0.991328 -0.131409 14.430100 -0.043069 0.131290 0.990408 0.000000 0.000000 0.000000 0.000000 1.000000
0.999514 0.007353 0.030287 0.000000 -0.003207 0.990876 -0.134742 14.430100 -0.031001 0.134579 0.990418 0.000000 0.000000 0.000000 0.000000 1.000000</float_array><technique_common><accessor source="#Spine2-Matrix-animation-output-transform-array" count="37" stride="16"><param type="float4x4"/></accessor></technique_common></source><source id="Spine2-Interpolations"><Name_array id="Spine2-Interpolations-array" count="37">
 LINEAR LINEAR LINEAR LINEAR LINEAR LINEAR LINEAR LINEAR LINEAR LINEAR LINEAR
LINEAR LINEAR LINEAR LINEAR LINEAR LINEAR LINEAR LINEAR LINEAR LINEAR LINEAR LINEAR
LINEAR LINEAR LINEAR LINEAR LINEAR LINEAR LINEAR LINEAR LINEAR LINEAR LINEAR LINEAR
LINEAR LINEAR</Name_array><technique_common><accessor source="#Spine2-Interpolations-array" count="37"><param type="name"/></accessor></technique_common></source><sampler id="Spine2-Matrix-animation-transform"><input semantic="INPUT" source="#Spine2-Matrix-animation-input"/><input semantic="OUTPUT" source="#Spine2-Matrix-animation-output-transform"/><input semantic="INTERPOLATION" source="#Spine2-Interpolations"/></sampler><channel source="#Spine2-Matrix-animation-transform" target="Spine2/matrix"/></animation>
    <animation id="Neck-anim" name="Neck"><source id="Neck-Matrix-animation-input"><float_array id="Neck-Matrix-animation-input-array" count="37">

0.000000 0.033333 0.066667 0.100000 0.133333 0.166667 0.200000 0.233333 0.266667 0.300000 0.333333 0.366667 0.400000 0.433333 0.466667 0.500000
0.533333 0.566667 0.600000 0.633333 0.666667 0.700000 0.733333 0.766667 0.800000 0.833333 0.866667 0.900000 0.933333 0.966667 1.000000 1.033333
1.066667 1.100000 1.133333 1.166667 1.200000</float_array><technique_common><accessor source="#Neck-Matrix-animation-input-array" count="37"><param name="TIME" type="float"/></accessor></technique_common></source><source id="Neck-Matrix-animation-output-transform"><float_array id="Neck-Matrix-animation-output-transform-array" count="592">

0.999855 -0.005495 -0.016093 -0.000000 0.005761 0.999847 0.016536 16.233801 0.016000 -0.016626 0.999734 0.000000 0.000000 0.000000 0.000000 1.000000
0.999910 -0.003608 -0.012916 0.000000 0.003807 0.999874 0.015402 16.233801 0.012859 -0.015450 0.999798 0.000000 0.000000 0.000000 0.000000 1.000000
0.999963 -0.001095 -0.008561 -0.000000 0.001216 0.999900 0.014089 16.233801 0.008544 -0.014099 0.999864 0.000000 0.000000 0.000000 0.000000 1.000000
0.999996 0.000479 -0.002722 0.000000 -0.000440 0.999896 0.014428 16.233801 0.002729 -0.014427 0.999892 -0.000000 0.000000 0.000000 0.000000 1.000000
0.999992 0.002055 0.003289 -0.000000 -0.002097 0.999917 0.012751 16.233801 -0.003263 -0.012758 0.999913 -0.000000 0.000000 0.000000 0.000000 1.000000
0.999951 0.002589 0.009531 0.000000 -0.002694 0.999936 0.011029 16.233801 -0.009502 -0.011054 0.999894 0.000000 0.000000 0.000000 0.000000 1.000000
0.999874 0.004643 0.015163 0.000000 -0.004809 0.999928 0.010969 16.233801 -0.015111 -0.011041 0.999825 0.000000 0.000000 0.000000 0.000000 1.000000
0.999790 0.007699 0.019012 0.000000 -0.007952 0.999880 0.013317 16.233801 -0.018908 -0.013465 0.999731 -0.000000 0.000000 0.000000 0.000000 1.000000
0.999731 0.008994 0.021364 0.000000 -0.009383 0.999790 0.018198 16.233801 -0.021196 -0.018394 0.999606 0.000000 0.000000 0.000000 0.000000 1.000000
0.999661 0.011773 0.023217 0.000000 -0.012340 0.999626 0.024419 16.233801 -0.022921 -0.024697 0.999432 0.000000 0.000000 0.000000 0.000000 1.000000
0.999575 0.015223 0.024877 0.000000 -0.015945 0.999449 0.029122 16.233801 -0.024420 -0.029506 0.999266 0.000000 0.000000 0.000000 0.000000 1.000000
0.999533 0.016473 0.025751 0.000000 -0.017278 0.999360 0.031332 16.233801 -0.025218 -0.031763 0.999177 -0.000000 0.000000 0.000000 0.000000 1.000000
0.999536 0.014877 0.026588 -0.000000 -0.015696 0.999400 0.030862 16.233801 -0.026113 -0.031265 0.999170 0.000000 0.000000 0.000000 0.000000 1.000000
0.999513 0.014669 0.027555 0.000000 -0.015512 0.999410 0.030646 16.233801 -0.027090 -0.031059 0.999150 0.000000 0.000000 0.000000 0.000000 1.000000
0.999519 0.015488 0.026865 0.000000 -0.016306 0.999402 0.030506 16.233801 -0.026376 -0.030929 0.999174 0.000000 0.000000 0.000000 0.000000 1.000000
0.999569 0.014614 0.025468 0.000000 -0.015325 0.999491 0.027981 16.233801 -0.025046 -0.028359 0.999284 0.000000 0.000000 0.000000 0.000000 1.000000
0.999655 0.012773 0.022955 0.000000 -0.013345 0.999599 0.024959 16.233801 -0.022627 -0.025257 0.999425 0.000000 0.000000 0.000000 0.000000 1.000000
0.999787 0.008882 0.018654 0.000000 -0.009265 0.999746 0.020551 16.233801 -0.018466 -0.020720 0.999615 0.000000 0.000000 0.000000 0.000000 1.000000
0.999868 0.007223 0.014521 0.000000 -0.007488 0.999806 0.018235 16.233801 -0.014386 -0.018341 0.999728 0.000000 0.000000 0.000000 0.000000 1.000000
0.999949 0.004522 0.009045 0.000000 -0.004653 0.999883 0.014549 16.233801 -0.008978 -0.014591 0.999853 0.000000 0.000000 0.000000 0.000000 1.000000
0.999992 0.002638 0.002974 0.000000 -0.002676 0.999915 0.012724 16.233801 -0.002940 -0.012732 0.999915 0.000000 0.000000 0.000000 0.000000 1.000000
0.999990 0.002736 -0.003648 0.000000 -0.002696 0.999937 0.010927 16.233801 0.003678 -0.010917 0.999934 0.000000 0.000000 0.000000 0.000000 1.000000
0.999933 0.002711 -0.011241 0.000000 -0.002628 0.999970 0.007342 16.233801 0.011261 -0.007312 0.999910 0.000000 0.000000 0.000000 0.000000 1.000000
0.999812 0.002702 -0.019207 -0.000000 -0.002615 0.999986 0.004555 16.233801 0.019219 -0.004504 0.999805 0.000000 0.000000 0.000000 0.000000 1.000000
0.999643 0.002408 -0.026600 0.000000 -0.002312 0.999991 0.003626 16.233801 0.026609 -0.003564 0.999640 0.000000 0.000000 0.000000 0.000000 1.000000
0.999475 0.000610 -0.032399 0.000000 -0.000445 0.999987 0.005085 16.233801 0.032401 -0.005068 0.999462 0.000000 0.000000 0.000000 0.000000 1.000000
0.999317 -0.000909 -0.036944 0.000000 0.001159 0.999977 0.006737 16.233801 0.036937 -0.006775 0.999295 -0.000000 0.000000 0.000000 0.000000 1.000000
0.999207 -0.002701 -0.039718 0.000000 0.003108 0.999943 0.010201 16.233801 0.039688 -0.010316 0.999159 0.000000 0.000000 0.000000 0.000000 1.000000
0.999178 -0.005644 -0.040152 0.000000 0.006220 0.999879 0.014249 16.233801 0.040067 -0.014487 0.999092 0.000000 0.000000 0.000000 0.000000 1.000000
0.999227 -0.007453 -0.038588 0.000000 0.008174 0.999795 0.018545 16.233801 0.038442 -0.018846 0.999083 0.000000 0.000000 0.000000 0.000000 1.000000
0.999325 -0.007006 -0.036065 -0.000000 0.007824 0.999714 0.022592 16.233801 0.035897 -0.022859 0.999094 0.000000 0.000000 0.000000 0.000000 1.000000
0.999433 -0.008027 -0.032684 0.000000 0.008893 0.999611 0.026427 16.233801 0.032459 -0.026703 0.999116 0.000000 0.000000 0.000000 0.000000 1.000000
0.999483 -0.007802 -0.031200 0.000000 0.008561 0.999669 0.024258 16.233801 0.031001 -0.024512 0.999219 -0.000000 0.000000 0.000000 0.000000 1.000000
0.999568 -0.008206 -0.028231 0.000000 0.008800 0.999741 0.020973 16.233801 0.028052 -0.021212 0.999381 0.000000 0.000000 0.000000 0.000000 1.000000
0.999681 -0.008488 -0.023790 0.000000 0.008906 0.999807 0.017509 16.233801 0.023637 -0.017715 0.999564 -0.000000 0.000000 0.000000 0.000000 1.000000
0.999772 -0.007405 -0.020031 0.000000 0.007744 0.999827 0.016917 16.233801 0.019902 -0.017068 0.999656 0.000000 0.000000 0.000000 0.000000 1.000000
0.999855 -0.005495 -0.016093 0.000000 0.005761 0.999847 0.016536 16.233801 0.016000 -0.016626 0.999734 -0.000000 0.000000 0.000000 0.000000 1.000000</float_array><technique_common><accessor source="#Neck-Matrix-animation-output-transform-array" count="37" stride="16"><param type="float4x4"/></accessor></technique_common></source><source id="Neck-Interpolations"><Name_array id="Neck-Interpolations-array" count="37">
 LINEAR LINEAR LINEAR LINEAR LINEAR LINEAR LINEAR LINEAR LINEAR LINEAR LINEAR
LINEAR LINEAR LINEAR LINEAR LINEAR LINEAR LINEAR LINEAR LINEAR LINEAR LINEAR LINEAR
LINEAR LINEAR LINEAR LINEAR LINEAR LINEAR LINEAR LINEAR LINEAR LINEAR LINEAR LINEAR
LINEAR LINEAR</Name_array><technique_common><accessor source="#Neck-Interpolations-array" count="37"><param type="name"/></accessor></technique_common></source><sampler id="Neck-Matrix-animation-transform"><input semantic="INPUT" source="#Neck-Matrix-animation-input"/><input semantic="OUTPUT" source="#Neck-Matrix-animation-output-transform"/><input semantic="INTERPOLATION" source="#Neck-Interpolations"/></sampler><channel source="#Neck-Matrix-animation-transform" target="Neck/matrix"/></animation>
    <animation id="Head-anim" name="Head"><source id="Head-Matrix-animation-input"><float_array id="Head-Matrix-animation-input-array" count="37">

0.000000 0.033333 0.066667 0.100000 0.133333 0.166667 0.200000 0.233333 0.266667 0.300000 0.333333 0.366667 0.400000 0.433333 0.466667 0.500000
0.533333 0.566667 0.600000 0.633333 0.666667 0.700000 0.733333 0.766667 0.800000 0.833333 0.866667 0.900000 0.933333 0.966667 1.000000 1.033333
1.066667 1.100000 1.133333 1.166667 1.200000</float_array><technique_common><accessor source="#Head-Matrix-animation-input-array" count="37"><param name="TIME" type="float"/></accessor></technique_common></source><source id="Head-Matrix-animation-output-transform"><float_array id="Head-Matrix-animation-output-transform-array" count="592">

0.987428 0.013063 -0.157529 0.000000 0.024599 0.971738 0.234778 6.761400 0.156144 -0.235701 0.959200 -0.000000 0.000000 0.000000 0.000000 1.000000
0.989621 0.017655 -0.142611 0.000000 0.014679 0.974814 0.222538 6.761400 0.142948 -0.222322 0.964437 -0.000000 0.000000 0.000000 0.000000 1.000000
0.992210 0.020658 -0.122850 0.000000 0.006105 0.976906 0.213581 6.761400 0.124425 -0.212667 0.969170 0.000000 0.000000 0.000000 0.000000 1.000000
0.994986 0.019219 -0.098150 0.000000 0.001552 0.978279 0.207287 6.761400 0.100001 -0.206400 0.973344 0.000000 0.000000 0.000000 0.000000 1.000000
0.997603 0.015496 -0.067436 0.000000 -0.001608 0.979529 0.201295 6.761400 0.069175 -0.200704 0.977207 0.000000 0.000000 0.000000 0.000000 1.000000
0.999361 0.008765 -0.034660 0.000000 -0.001683 0.979939 0.199289 6.761400 0.035712 -0.199103 0.979328 -0.000000 0.000000 0.000000 0.000000 1.000000
0.999927 -0.000365 -0.012088 0.000000 0.002906 0.977500 0.210915 6.761400 0.011739 -0.210934 0.977430 0.000000 0.000000 0.000000 0.000000 1.000000
0.999976 -0.004439 -0.005291 -0.000000 0.005568 0.971420 0.237303 6.761400 0.004086 -0.237327 0.971421 0.000000 0.000000 0.000000 0.000000 1.000000
0.999965 -0.005832 -0.006034 -0.000000 0.007252 0.962395 0.271556 6.761400 0.004224 -0.271590 0.962404 0.000000 0.000000 0.000000 0.000000 1.000000
0.999872 -0.007871 -0.013963 0.000000 0.011791 0.951308 0.308016 6.761400 0.010859 -0.308142 0.951279 0.000000 0.000000 0.000000 0.000000 1.000000
0.999583 -0.016089 -0.023980 0.000000 0.023429 0.937291 0.347758 6.761400 0.016881 -0.348175 0.937278 0.000000 0.000000 0.000000 0.000000 1.000000
0.999200 -0.024342 -0.031727 -0.000000 0.034623 0.923590 0.381816 6.761400 0.020008 -0.382609 0.923694 -0.000000 0.000000 0.000000 0.000000 1.000000
0.999063 -0.031910 -0.029237 -0.000000 0.040884 0.917474 0.395690 6.761400 0.014198 -0.396515 0.917919 0.000000 0.000000 0.000000 0.000000 1.000000
0.999321 -0.031268 -0.019513 0.000000 0.036460 0.916142 0.399193 6.761400 0.005395 -0.399633 0.916659 0.000000 0.000000 0.000000 0.000000 1.000000
