<?xml version="1.0" encoding="utf-8"?>
<COLLADA xmlns="http://www.collada.org/2005/11/COLLADASchema" version="1.4.1">
  <asset><contributor><author>Mixamo</author><authoring_tool>COLLADA Mixamo exporter</authoring_tool><comments></comments></contributor><created>2021-04-14T13:54:30Z</created><modified>2021-04-14T13:54:30Z</modified><revision></revision><title></title><unit meter="0.010000"/><up_axis>Y_UP</up_axis></asset>
  <library_animations>
    <animation id="Hips-anim" name="Hips"><source id="Hips-Matrix-animation-input"><float_array id="Hips-Matrix-animation-input-array" count="30">

0.000000 0.033333 0.066667 0.100000 0.133333 0.166667 0.200000 0.233333 0.266667 0.300000 0.333333 0.366667 0.400000 0.433333 0.466667 0.500000
0.533333 0.566667 0.600000 0.633333 0.666667 0.700000 0.733333 0.766667 0.800000 0.833333 0.866667 0.900000 0.933333 0.966667</float_array><technique_common><accessor source="#Hips-Matrix-animation-input-array" count="30"><param name="TIME" type="float"/></accessor></technique_common></source><source id="Hips-Matrix-animation-output-transform"><float_array id="Hips-Matrix-animation-output-transform-array" count="480">

0.981751 0.074656 0.174903 0.671656 -0.076665 0.997046 0.004750 116.823425 -0.174032 -0.018072 0.984574 -0.258395 0.000000 0.000000 0.000000 1.000000
0.987351 0.058696 0.147287 0.988604 -0.058023 0.998276 -0.008864 117.164124 -0.147554 0.000206 0.989054 -0.310440 0.000000 0.000000 0.000000 1.000000
0.993618 0.040025 0.105456 1.386172 -0.037672 0.998997 -0.024212 116.834648 -0.106319 0.020085 0.994129 -0.355790 0.000000 0.000000 0.000000 1.000000
0.998252 0.016571 0.056727 1.823380 -0.014446 0.999186 -0.037669 116.136780 -0.057305 0.036783 0.997679 -0.270696 0.000000 0.000000 0.000000 1.000000
0.999950 -0.001475 0.009840 2.223363 0.001911 0.999012 -0.044403 115.261093 -0.009765 0.044419 0.998965 0.050475 0.000000 0.000000 0.000000 1.000000
0.999561 -0.004934 -0.029215 2.560676 0.003674 0.999067 -0.043030 114.192749 0.029400 0.042904 0.998647 0.628176 0.000000 0.000000 0.000000 1.000000
0.998118 -0.002891 -0.061259 3.042833 0.000347 0.999138 -0.041503 112.635147 0.061327 0.041404 0.997259 1.447747 0.000000 0.000000 0.000000 1.000000
0.996786 -0.008962 -0.079604 3.482275 0.005639 0.999107 -0.041872 111.275810 0.079908 0.041289 0.995947 1.896369 0.000000 0.000000 0.000000 1.000000
0.996402 -0.028740 -0.079730 3.944583 0.025949 0.999021 -0.035832 111.440353 0.080682 0.033634 0.996172 2.181190 0.000000 0.000000 0.000000 1.000000
0.996045 -0.043534 -0.077457 4.397087 0.041943 0.998877 -0.022055 111.752403 0.078330 0.018719 0.996752 2.897211 0.000000 0.000000 0.000000 1.000000
0.995180 -0.064282 -0.074056 5.049281 0.063508 0.997900 -0.012765 112.238029 0.074721 0.008000 0.997172 3.462523 0.000000 0.000000 0.000000 1.000000
0.994557 -0.084459 -0.061021 5.754916 0.084333 0.996427 -0.004656 113.213722 0.061197 -0.000515 0.998126 3.760201 0.000000 0.000000 0.000000 1.000000
0.993188 -0.104142 -0.052272 6.275841 0.104328 0.994543 0.000832 114.142647 0.051900 -0.006280 0.998633 3.425731 0.000000 0.000000 0.000000 1.000000
0.992215 -0.112314 -0.053812 6.544107 0.112576 0.993641 0.001856 115.293579 0.053261 -0.007900 0.998549 2.957890 0.000000 0.000000 0.000000 1.000000
0.992418 -0.107897 -0.058860 6.509503 0.108194 0.994128 0.001878 116.371315 0.058311 -0.008232 0.998265 2.510360 0.000000 0.000000 0.000000 1.000000
0.993943 -0.099306 -0.047060 6.300406 0.099155 0.995057 -0.005539 116.872154 0.047378 0.000840 0.998877 2.112514 0.000000 0.000000 0.000000 1.000000
0.996435 -0.081990 -0.019853 5.953046 0.081714 0.996553 -0.014337 117.099678 0.020960 0.012663 0.999700 1.963194 0.000000 0.000000 0.000000 1.000000
0.998363 -0.055349 0.014426 5.412039 0.055624 0.998262 -0.019473 117.076965 -0.013323 0.020244 0.999706 1.974246 0.000000 0.000000 0.000000 1.000000
0.998317 -0.034376 0.046704 4.925125 0.035298 0.999195 -0.019062 116.526352 -0.046011 0.020679 0.998727 2.174873 0.000000 0.000000 0.000000 1.000000
0.996402 -0.027447 0.080183 4.441133 0.028517 0.999518 -0.012240 115.284737 -0.079809 0.014483 0.996705 2.679214 0.000000 0.000000 0.000000 1.000000
0.992963 -0.026351 0.115459 4.006959 0.027626 0.999574 -0.009462 113.088486 -0.115161 0.012585 0.993267 2.912973 0.000000 0.000000 0.000000 1.000000
0.989702 -0.021704 0.141485 3.597451 0.022384 0.999744 -0.003211 111.713898 -0.141379 0.006345 0.989935 3.016386 0.000000 0.000000 0.000000 1.000000
0.988702 -0.009767 0.149579 3.172505 0.009396 0.999951 0.003186 111.431091 -0.149603 -0.001744 0.988745 3.076636 0.000000 0.000000 0.000000 1.000000
0.988299 0.002346 0.152509 2.640113 -0.003655 0.999959 0.008298 111.759125 -0.152483 -0.008759 0.988267 3.295786 0.000000 0.000000 0.000000 1.000000
0.987913 0.020040 0.153711 2.032077 -0.022171 0.999680 0.012157 112.080322 -0.153418 -0.015418 0.988041 3.607094 0.000000 0.000000 0.000000 1.000000
0.988108 0.039475 0.148606 1.411834 -0.041493 0.999084 0.010504 112.480370 -0.148055 -0.016545 0.988841 3.543812 0.000000 0.000000 0.000000 1.000000
0.987453 0.061276 0.145537 0.934241 -0.062727 0.998016 0.005399 113.194252 -0.144917 -0.014460 0.989338 2.800478 0.000000 0.000000 0.000000 1.000000
0.985169 0.078926 0.152357 0.617292 -0.079997 0.996795 0.000907 114.671265 -0.151797 -0.013081 0.988325 1.794649 0.000000 0.000000 0.000000 1.000000
0.981691 0.083363 0.171272 0.522600 -0.084818 0.996396 0.001186 116.002815 -0.170556 -0.015691 0.985223 0.721548 0.000000 0.000000 0.000000 1.000000
0.981751 0.074656 0.174903 0.671659 -0.076665 0.997046 0.004750 116.823395 -0.174032 -0.018072 0.984574 -0.258396 0.000000 0.000000 0.000000 1.000000</float_array><technique_common><accessor source="#Hips-Matrix-animation-output-transform-array" count="30" stride="16"><param type="float4x4"/></accessor></technique_common></source><source id="Hips-Interpolations"><Name_array id="Hips-Interpolations-array" count="30">
 LINEAR LINEAR LINEAR LINEAR LINEAR LINEAR LINEAR LINEAR LINEAR LINEAR LINEAR
LINEAR LINEAR LINEAR LINEAR LINEAR LINEAR LINEAR LINEAR LINEAR LINEAR LINEAR LINEAR
LINEAR LINEAR LINEAR LINEAR LINEAR LINEAR LINEAR</Name_array><technique_common><accessor source="#Hips-Interpolations-array" count="30"><param type="name"/></accessor></technique_common></source><sampler id="Hips-Matrix-animation-transform"><input semantic="INPUT" source="#Hips-Matrix-animation-input"/><input semantic="OUTPUT" source="#Hips-Matrix-animation-output-transform"/><input semantic="INTERPOLATION" source="#Hips-Interpolations"/></sampler><channel source="#Hips-Matrix-animation-transform" target="Hips/matrix"/></animation>
    <animation id="Spine-anim" name="Spine"><source id="Spine-Matrix-animation-input"><float_array id="Spine-Matrix-animation-input-array" count="30">

0.000000 0.033333 0.066667 0.100000 0.133333 0.166667 0.200000 0.233333 0.266667 0.300000 0.333333 0.366667 0.400000 0.433333 0.466667 0.500000
0.533333 0.566667 0.600000 0.633333 0.666667 0.700000 0.733333 0.766667 0.800000 0.833333 0.866667 0.900000 0.933333 0.966667</float_array><technique_common><accessor source="#Spine-Matrix-animation-input-array" count="30"><param name="TIME" type="float"/></accessor></technique_common></source><source id="Spine-Matrix-animation-output-transform"><float_array id="Spine-Matrix-animation-output-transform-array" count="480">

0.998403 -0.054906 -0.013265 -0.006600 0.054250 0.997486 -0.045594 10.822600 0.015735 0.044802 0.998872 -0.430700 0.000000 0.000000 0.000000 1.000000
0.998937 -0.045882 -0.004531 -0.006600 0.045673 0.998205 -0.038731 10.822600 0.006300 0.038483 0.999239 -0.430700 0.000000 0.000000 0.000000 1.000000
0.999378 -0.034897 0.005067 -0.006600 0.035035 0.998925 -0.030366 10.822600 -0.004002 0.030525 0.999526 -0.430700 0.000000 0.000000 0.000000 1.000000
0.999585 -0.025872 0.012643 -0.006600 0.026170 0.999370 -0.023971 10.822600 -0.012015 0.024292 0.999633 -0.430700 0.000000 0.000000 0.000000 1.000000
0.999515 -0.023900 0.019957 -0.006600 0.024281 0.999523 -0.019064 10.822600 -0.019492 0.019539 0.999619 -0.430700 0.000000 0.000000 0.000000 1.000000
0.998918 -0.035498 0.030054 -0.006600 0.035919 0.999262 -0.013593 10.822600 -0.029549 0.014658 0.999456 -0.430700 0.000000 0.000000 0.000000 1.000000
0.997794 -0.051535 0.041846 -0.006600 0.051604 0.998667 -0.000578 10.822600 -0.041760 0.002736 0.999124 -0.430700 0.000000 0.000000 0.000000 1.000000
0.997941 -0.047446 0.043158 -0.006600 0.047505 0.998871 -0.000356 10.822600 -0.043092 0.002406 0.999068 -0.430700 0.000000 0.000000 0.000000 1.000000
0.999137 -0.022808 0.034709 -0.006600 0.023097 0.999702 -0.007964 10.822600 -0.034517 0.008758 0.999366 -0.430700 0.000000 0.000000 0.000000 1.000000
0.999542 -0.005849 0.029700 -0.006600 0.006320 0.999856 -0.015774 10.822600 -0.029603 0.015954 0.999434 -0.430700 0.000000 0.000000 0.000000 1.000000
0.999666 0.006177 0.025082 -0.006600 -0.005466 0.999585 -0.028286 10.822600 -0.025246 0.028140 0.999285 -0.430700 0.000000 0.000000 0.000000 1.000000
0.999763 0.013891 0.016778 -0.006600 -0.013170 0.999015 -0.042378 10.822600 -0.017350 0.042147 0.998961 -0.430700 0.000000 0.000000 0.000000 1.000000
0.999720 0.020946 0.011049 -0.006600 -0.020312 0.998297 -0.054688 10.822600 -0.012175 0.054448 0.998442 -0.430700 0.000000 0.000000 0.000000 1.000000
0.999771 0.019577 0.008673 -0.006600 -0.018979 0.997745 -0.064379 10.822600 -0.009914 0.064200 0.997888 -0.430700 0.000000 0.000000 0.000000 1.000000
0.999879 0.014675 0.005212 -0.006600 -0.014268 0.997378 -0.070944 10.822600 -0.006239 0.070861 0.997467 -0.430700 0.000000 0.000000 0.000000 1.000000
0.999943 0.010365 -0.002487 -0.006600 -0.010510 0.997645 -0.067783 10.822600 0.001779 0.067805 0.997697 -0.430700 0.000000 0.000000 0.000000 1.000000
0.999939 0.001092 -0.010978 -0.006600 -0.001720 0.998349 -0.057410 10.822600 0.010897 0.057425 0.998290 -0.430700 0.000000 0.000000 0.000000 1.000000
0.999757 -0.011605 -0.018730 -0.006600 0.010708 0.998824 -0.047286 10.822600 0.019257 0.047074 0.998706 -0.430700 0.000000 0.000000 0.000000 1.000000
0.999547 -0.015494 -0.025791 -0.006600 0.014483 0.999136 -0.038947 10.822600 0.026372 0.038556 0.998908 -0.430700 0.000000 0.000000 0.000000 1.000000
0.999295 -0.002341 -0.037481 -0.006600 0.001184 0.999523 -0.030870 10.822600 0.037535 0.030804 0.998820 -0.430700 0.000000 0.000000 0.000000 1.000000
0.998666 0.013203 -0.049927 -0.006600 -0.014341 0.999644 -0.022491 10.822600 0.049613 0.023177 0.998500 -0.430700 0.000000 0.000000 0.000000 1.000000
0.998495 0.013084 -0.053255 -0.006600 -0.014442 0.999578 -0.025201 10.822600 0.052903 0.025932 0.998263 -0.430700 0.000000 0.000000 0.000000 1.000000
0.998859 -0.002975 -0.047662 -0.006600 0.001598 0.999581 -0.028894 10.822600 0.047728 0.028785 0.998446 -0.430700 0.000000 0.000000 0.000000 1.000000
0.998914 -0.017744 -0.043082 -0.006600 0.016486 0.999432 -0.029387 10.822600 0.043579 0.028645 0.998639 -0.430700 0.000000 0.000000 0.000000 1.000000
0.998782 -0.029512 -0.039549 -0.006600 0.028248 0.999084 -0.032151 10.822600 0.040462 0.030995 0.998700 -0.430700 0.000000 0.000000 0.000000 1.000000
0.998497 -0.043333 -0.033551 -0.006600 0.042168 0.998508 -0.034692 10.822600 0.035004 0.033225 0.998835 -0.430700 0.000000 0.000000 0.000000 1.000000
0.998114 -0.054959 -0.027346 -0.006600 0.053972 0.997907 -0.035622 10.822600 0.029246 0.034079 0.998991 -0.430700 0.000000 0.000000 0.000000 1.000000
0.997939 -0.059608 -0.023765 -0.006600 0.058810 0.997723 -0.033005 10.822600 0.025678 0.031539 0.999173 -0.430700 0.000000 0.000000 0.000000 1.000000
0.998050 -0.059184 -0.019852 -0.006600 0.058363 0.997507 -0.039680 10.822600 0.022151 0.038444 0.999015 -0.430700 0.000000 0.000000 0.000000 1.000000
0.998403 -0.054906 -0.013265 -0.006600 0.054250 0.997486 -0.045594 10.822600 0.015735 0.044802 0.998872 -0.430700 0.000000 0.000000 0.000000 1.000000</float_array><technique_common><accessor source="#Spine-Matrix-animation-output-transform-array" count="30" stride="16"><param type="float4x4"/></accessor></technique_common></source><source id="Spine-Interpolations"><Name_array id="Spine-Interpolations-array" count="30">
 LINEAR LINEAR LINEAR LINEAR LINEAR LINEAR LINEAR LINEAR LINEAR LINEAR LINEAR
LINEAR LINEAR LINEAR LINEAR LINEAR LINEAR LINEAR LINEAR LINEAR LINEAR LINEAR LINEAR
LINEAR LINEAR LINEAR LINEAR LINEAR LINEAR LINEAR</Name_array><technique_common><accessor source="#Spine-Interpolations-array" count="30"><param type="name"/></accessor></technique_common></source><sampler id="Spine-Matrix-animation-transform"><input semantic="INPUT" source="#Spine-Matrix-animation-input"/><input semantic="OUTPUT" source="#Spine-Matrix-animation-output-transform"/><input semantic="INTERPOLATION" source="#Spine-Interpolations"/></sampler><channel source="#Spine-Matrix-animation-transform" target="Spine/matrix"/></animation>
    <animation id="Spine1-anim" name="Spine1"><source id="Spine1-Matrix-animation-input"><float_array id="Spine1-Matrix-animation-input-array" count="30">

0.000000 0.033333 0.066667 0.100000 0.133333 0.166667 0.200000 0.233333 0.266667 0.300000 0.333333 0.366667 0.400000 0.433333 0.466667 0.500000
0.533333 0.566667 0.600000 0.633333 0.666667 0.700000 0.733333 0.766667 0.800000 0.833333 0.866667 0.900000 0.933333 0.966667</float_array><technique_common><accessor source="#Spine1-Matrix-animation-input-array" count="30"><param name="TIME" type="float"/></accessor></technique_common></source><source id="Spine1-Matrix-animation-output-transform"><float_array id="Spine1-Matrix-animation-output-transform-array" count="480">

0.999100 -0.014752 -0.039760 0.000000 0.013609 0.999490 -0.028877 12.626300 0.040166 0.028310 0.998792 -0.211200 0.000000 0.000000 0.000000 1.000000
0.999750 -0.004964 -0.021813 -0.000000 0.004461 0.999725 -0.023042 12.626300 0.021921 0.022939 0.999497 -0.211200 0.000000 0.000000 0.000000 1.000000
0.999999 0.000192 -0.001235 -0.000000 -0.000217 0.999785 -0.020756 12.626300 0.001230 0.020756 0.999784 -0.211200 0.000000 0.000000 0.000000 1.000000
0.999857 0.009293 0.014093 -0.000000 -0.009026 0.999781 -0.018903 12.626300 -0.014266 0.018773 0.999722 -0.211200 0.000000 0.000000 0.000000 1.000000
0.999494 0.016642 0.027120 -0.000000 -0.016020 0.999608 -0.022981 12.626300 -0.027491 0.022535 0.999368 -0.211200 0.000000 0.000000 0.000000 1.000000
0.999107 0.023678 0.034980 0.000000 -0.022601 0.999268 -0.030876 12.626300 -0.035685 0.030058 0.998911 -0.211200 0.000000 0.000000 0.000000 1.000000
0.998713 0.030359 0.040623 -0.000000 -0.028770 0.998819 -0.039152 12.626300 -0.041764 0.037933 0.998407 -0.211200 0.000000 0.000000 0.000000 1.000000
0.998458 0.030580 0.046325 0.000000 -0.028861 0.998886 -0.037339 12.626300 -0.047415 0.035944 0.998228 -0.211200 0.000000 0.000000 0.000000 1.000000
0.998472 0.026506 0.048487 0.000000 -0.025018 0.999205 -0.031033 12.626300 -0.049271 0.029772 0.998342 -0.211200 0.000000 0.000000 0.000000 1.000000
0.998580 0.024374 0.047362 -0.000000 -0.023172 0.999399 -0.025772 12.626300 -0.047962 0.024638 0.998545 -0.211200 0.000000 0.000000 0.000000 1.000000
0.998739 0.027646 0.041899 0.000000 -0.026856 0.999453 -0.019297 12.626300 -0.042410 0.018147 0.998935 -0.211200 0.000000 0.000000 0.000000 1.000000
0.999013 0.030849 0.031968 -0.000000 -0.030259 0.999366 -0.018775 12.626300 -0.032527 0.017789 0.999313 -0.211200 0.000000 0.000000 0.000000 1.000000
0.999132 0.034378 0.023535 0.000000 -0.033851 0.999175 -0.022458 12.626300 -0.024287 0.021642 0.999471 -0.211200 0.000000 0.000000 0.000000 1.000000
0.999165 0.036599 0.018150 -0.000000 -0.036150 0.999046 -0.024485 12.626300 -0.019029 0.023809 0.999535 -0.211200 0.000000 0.000000 0.000000 1.000000
0.999411 0.032777 0.010165 0.000000 -0.032509 0.999147 -0.025461 12.626300 -0.010990 0.025115 0.999624 -0.211200 0.000000 0.000000 0.000000 1.000000
0.999626 0.026812 -0.005408 0.000000 -0.026933 0.999355 -0.023772 12.626300 0.004767 0.023909 0.999703 -0.211200 0.000000 0.000000 0.000000 1.000000
0.999510 0.020142 -0.023956 0.000000 -0.020731 0.999483 -0.024592 12.626300 0.023448 0.025076 0.999411 -0.211200 0.000000 0.000000 0.000000 1.000000
0.999036 0.013149 -0.041873 0.000000 -0.014351 0.999490 -0.028536 12.626300 0.041476 0.029110 0.998715 -0.211200 0.000000 0.000000 0.000000 1.000000
0.998482 0.004353 -0.054906 -0.000000 -0.006413 0.999279 -0.037409 12.626300 0.054704 0.037704 0.997791 -0.211200 0.000000 0.000000 0.000000 1.000000
0.997916 -0.007145 -0.064123 0.000000 0.003971 0.998767 -0.049486 12.626300 0.064398 0.049128 0.996714 -0.211200 0.000000 0.000000 0.000000 1.000000
0.997181 -0.016458 -0.073210 -0.000000 0.012208 0.998235 -0.058125 12.626300 0.074037 0.057067 0.995621 -0.211200 0.000000 0.000000 0.000000 1.000000
0.996635 -0.017617 -0.080049 0.000000 0.013103 0.998312 -0.056574 12.626300 0.080911 0.055335 0.995184 -0.211200 0.000000 0.000000 0.000000 1.000000
0.996458 -0.012636 -0.083137 0.000000 0.008492 0.998712 -0.050019 12.626300 0.083662 0.049136 0.995282 -0.211200 0.000000 0.000000 0.000000 1.000000
0.996339 -0.007692 -0.085142 0.000000 0.004131 0.999113 -0.041918 12.626300 0.085389 0.041413 0.995487 -0.211200 0.000000 0.000000 0.000000 1.000000
0.996600 -0.009708 -0.081818 0.000000 0.006923 0.999389 -0.034257 12.626300 0.082100 0.033574 0.996058 -0.211200 0.000000 0.000000 0.000000 1.000000
0.996973 -0.011295 -0.076927 0.000000 0.009168 0.999568 -0.027938 12.626300 0.077209 0.027148 0.996645 -0.211200 0.000000 0.000000 0.000000 1.000000
0.997452 -0.017280 -0.069212 0.000000 0.015431 0.999512 -0.027155 12.626300 0.069648 0.026018 0.997232 -0.211200 0.000000 0.000000 0.000000 1.000000
0.997806 -0.024760 -0.061399 0.000000 0.022906 0.999266 -0.030709 12.626300 0.062114 0.029235 0.997641 -0.211200 0.000000 0.000000 0.000000 1.000000
0.998294 -0.025214 -0.052668 0.000000 0.023644 0.999263 -0.030233 12.626300 0.053391 0.028936 0.998154 -0.211200 0.000000 0.000000 0.000000 1.000000
0.999100 -0.014752 -0.039760 0.000000 0.013609 0.999490 -0.028877 12.626300 0.040166 0.028310 0.998792 -0.211200 0.000000 0.000000 0.000000 1.000000</float_array><technique_common><accessor source="#Spine1-Matrix-animation-output-transform-array" count="30" stride="16"><param type="float4x4"/></accessor></technique_common></source><source id="Spine1-Interpolations"><Name_array id="Spine1-Interpolations-array" count="30">
 LINEAR LINEAR LINEAR LINEAR LINEAR LINEAR LINEAR LINEAR LINEAR LINEAR LINEAR
LINEAR LINEAR LINEAR LINEAR LINEAR LINEAR LINEAR LINEAR LINEAR LINEAR LINEAR LINEAR
LINEAR LINEAR LINEAR LINEAR LINEAR LINEAR LINEAR</Name_array><technique_common><accessor source="#Spine1-Interpolations-array" count="30"><param type="name"/></accessor></technique_common></source><sampler id="Spine1-Matrix-animation-transform"><input semantic="INPUT" source="#Spine1-Matrix-animation-input"/><input semantic="OUTPUT" source="#Spine1-Matrix-animation-output-transform"/><input semantic="INTERPOLATION" source="#Spine1-Interpolations"/></sampler><channel source="#Spine1-Matrix-animation-transform" target="Spine1/matrix"/></animation>
    <animation id="Spine2-anim" name="Spine2"><source id="Spine2-Matrix-animation-input"><float_array id="Spine2-Matrix-animation-input-array" count="30">

0.000000 0.033333 0.066667 0.100000 0.133333 0.166667 0.200000 0.233333 0.266667 0.300000 0.333333 0.366667 0.400000 0.433333 0.466667 0.500000
0.533333 0.566667 0.600000 0.633333 0.666667 0.700000 0.733333 0.766667 0.800000 0.833333 0.866667 0.900000 0.933333 0.966667</float_array><technique_common><accessor source="#Spine2-Matrix-animation-input-array" count="30"><param name="TIME" type="float"/></accessor></technique_common></source><source id="Spine2-Matrix-animation-output-transform"><float_array id="Spine2-Matrix-animation-output-transform-array" count="480">

0.999195 -0.004393 -0.039871 -0.000000 0.006425 0.998680 0.050966 14.430100 0.039595 -0.051181 0.997904 0.000000 0.000000 0.000000 0.000000 1.000000
0.999754 0.004950 -0.021631 -0.000000 -0.003729 0.998417 0.056119 14.430100 0.021874 -0.056025 0.998190 0.000000 0.000000 0.000000 0.000000 1.000000
0.999955 0.009425 -0.001067 0.000000 -0.009348 0.998286 0.057775 14.430100 0.001610 -0.057762 0.998329 0.000000 0.000000 0.000000 0.000000 1.000000
0.999733 0.017862 0.014631 0.000000 -0.018699 0.998069 0.059237 14.430100 -0.013545 -0.059495 0.998137 0.000000 0.000000 0.000000 0.000000 1.000000
0.999304 0.024499 0.028133 -0.000000 -0.026012 0.998161 0.054750 14.430100 -0.026740 -0.055444 0.998104 0.000000 0.000000 0.000000 0.000000 1.000000
0.998849 0.030958 0.036650 0.000000 -0.032646 0.998389 0.046410 14.430100 -0.035154 -0.047553 0.998250 0.000000 0.000000 0.000000 0.000000 1.000000
0.998388 0.036892 0.043131 0.000000 -0.038527 0.998546 0.037703 14.430100 -0.041678 -0.039304 0.998358 0.000000 0.000000 0.000000 0.000000 1.000000
0.998132 0.036682 0.048851 0.000000 -0.038620 0.998480 0.039334 14.430100 -0.047333 -0.041147 0.998031 0.000000 0.000000 0.000000 0.000000 1.000000
0.998201 0.032692 0.050254 -0.000000 -0.035011 0.998329 0.045979 14.430100 -0.048667 -0.047656 0.997678 0.000000 0.000000 0.000000 0.000000 1.000000
0.998341 0.030891 0.048584 -0.000000 -0.033396 0.998108 0.051617 14.430100 -0.046897 -0.053154 0.997485 0.000000 0.000000 0.000000 0.000000 1.000000
0.998475 0.034838 0.042834 0.000000 -0.037313 0.997596 0.058401 14.430100 -0.040697 -0.059910 0.997374 -0.000000 0.000000 0.000000 0.000000 1.000000
0.998724 0.038715 0.032415 0.000000 -0.040587 0.997418 0.059249 14.430100 -0.030038 -0.060489 0.997717 0.000000 0.000000 0.000000 0.000000 1.000000
0.998809 0.042646 0.023707 0.000000 -0.043911 0.997482 0.055689 14.430100 -0.021272 -0.056664 0.998167 -0.000000 0.000000 0.000000 0.000000 1.000000
0.998815 0.045094 0.018331 0.000000 -0.046018 0.997501 0.053612 14.430100 -0.015868 -0.054392 0.998394 -0.000000 0.000000 0.000000 0.000000 1.000000
0.999087 0.041458 0.010285 0.000000 -0.041944 0.997730 0.052692 14.430100 -0.008077 -0.053075 0.998558 0.000000 0.000000 0.000000 0.000000 1.000000
0.999346 0.035768 -0.005238 0.000000 -0.035429 0.997878 0.054629 14.430100 0.007181 -0.054407 0.998493 0.000000 0.000000 0.000000 0.000000 1.000000
0.999282 0.029667 -0.023583 -0.000000 -0.028354 0.998128 0.054197 14.430100 0.025147 -0.053489 0.998252 0.000000 0.000000 0.000000 0.000000 1.000000
0.998865 0.023541 -0.041413 0.000000 -0.021426 0.998478 0.050813 14.430100 0.042546 -0.049868 0.997849 0.000000 0.000000 0.000000 0.000000 1.000000
0.998368 0.015709 -0.054910 0.000000 -0.013403 0.999022 0.042127 14.430100 0.055518 -0.041322 0.997602 -0.000000 0.000000 0.000000 0.000000 1.000000
0.997872 0.005224 -0.064995 0.000000 -0.003298 0.999553 0.029704 14.430100 0.065122 -0.029427 0.997443 0.000000 0.000000 0.000000 0.000000 1.000000
0.997196 -0.002927 -0.074774 0.000000 0.004478 0.999778 0.020580 14.430100 0.074697 -0.020857 0.996988 0.000000 0.000000 0.000000 0.000000 1.000000
0.996655 -0.003828 -0.081630 0.000000 0.005642 0.999742 0.022002 14.430100 0.081524 -0.022389 0.996420 0.000000 0.000000 0.000000 0.000000 1.000000
0.996446 0.001046 -0.084229 0.000000 0.001407 0.999577 0.029062 14.430100 0.084223 -0.029077 0.996023 0.000000 0.000000 0.000000 0.000000 1.000000
0.996303 0.005895 -0.085711 0.000000 -0.002667 0.999285 0.037725 14.430100 0.085872 -0.037357 0.995606 -0.000000 0.000000 0.000000 0.000000 1.000000
0.996611 0.003318 -0.082187 0.000000 0.000457 0.998947 0.045868 14.430100 0.082253 -0.045750 0.995561 0.000000 0.000000 0.000000 0.000000 1.000000
0.997044 0.001176 -0.076829 0.000000 0.002910 0.998588 0.053050 14.430100 0.076783 -0.053116 0.995632 0.000000 0.000000 0.000000 0.000000 1.000000
0.997595 -0.005223 -0.069118 0.000000 0.008980 0.998492 0.054153 14.430100 0.068731 -0.054643 0.996138 -0.000000 0.000000 0.000000 0.000000 1.000000
0.998001 -0.012844 -0.061878 0.000000 0.015967 0.998609 0.050249 14.430100 0.061146 -0.051137 0.996818 0.000000 0.000000 0.000000 0.000000 1.000000
0.998484 -0.014068 -0.053221 0.000000 0.016742 0.998602 0.050135 14.430100 0.052442 -0.050950 0.997323 0.000000 0.000000 0.000000 0.000000 1.000000
0.999195 -0.004393 -0.039871 -0.000000 0.006425 0.998680 0.050966 14.430100 0.039595 -0.051181 0.997904 -0.000000 0.000000 0.000000 0.000000 1.000000</float_array><technique_common><accessor source="#Spine2-Matrix-animation-output-transform-array" count="30" stride="16"><param type="float4x4"/></accessor></technique_common></source><source id="Spine2-Interpolations"><Name_array id="Spine2-Interpolations-array" count="30">
 LINEAR LINEAR LINEAR LINEAR LINEAR LINEAR LINEAR LINEAR LINEAR LINEAR LINEAR
LINEAR LINEAR LINEAR LINEAR LINEAR LINEAR LINEAR LINEAR LINEAR LINEAR LINEAR LINEAR
LINEAR LINEAR LINEAR LINEAR LINEAR LINEAR LINEAR</Name_array><technique_common><accessor source="#Spine2-Interpolations-array" count="30"><param type="name"/></accessor></technique_common></source><sampler id="Spine2-Matrix-animation-transform"><input semantic="INPUT" source="#Spine2-Matrix-animation-input"/><input semantic="OUTPUT" source="#Spine2-Matrix-animation-output-transform"/><input semantic="INTERPOLATION" source="#Spine2-Interpolations"/></sampler><channel source="#Spine2-Matrix-animation-transform" target="Spine2/matrix"/></animation>
    <animation id="Neck-anim" name="Neck"><source id="Neck-Matrix-animation-input"><float_array id="Neck-Matrix-animation-input-array" count="30">

0.000000 0.033333 0.066667 0.100000 0.133333 0.166667 0.200000 0.233333 0.266667 0.300000 0.333333 0.366667 0.400000 0.433333 0.466667 0.500000
0.533333 0.566667 0.600000 0.633333 0.666667 0.700000 0.733333 0.766667 0.800000 0.833333 0.866667 0.900000 0.933333 0.966667</float_array><technique_common><accessor source="#Neck-Matrix-animation-input-array" count="30"><param name="TIME" type="float"/></accessor></technique_common></source><source id="Neck-Matrix-animation-output-transform"><float_array id="Neck-Matrix-animation-output-transform-array" count="480">

0.999651 0.017169 -0.020092 -0.000000 -0.015963 0.998146 0.058730 16.233801 0.021063 -0.058388 0.998072 0.000000 0.000000 0.000000 0.000000 1.000000
0.999657 0.012774 -0.022852 0.000000 -0.011595 0.998631 0.051004 16.233801 0.023473 -0.050721 0.998437 0.000000 0.000000 0.000000 0.000000 1.000000
0.999580 0.019045 -0.021836 0.000000 -0.017833 0.998358 0.054439 16.233801 0.022837 -0.054027 0.998278 0.000000 0.000000 0.000000 0.000000 1.000000
0.999497 0.026028 -0.018133 -0.000000 -0.024876 0.997823 0.061084 16.233801 0.019684 -0.060603 0.997968 0.000000 0.000000 0.000000 0.000000 1.000000
0.999148 0.039470 -0.012017 -0.000000 -0.038506 0.996664 0.071966 16.233801 0.014818 -0.071442 0.997335 -0.000000 0.000000 0.000000 0.000000 1.000000
0.998739 0.049698 -0.007127 0.000000 -0.048931 0.995302 0.083543 16.233801 0.011245 -0.083089 0.996479 0.000000 0.000000 0.000000 0.000000 1.000000
0.998585 0.052922 -0.005308 -0.000000 -0.052227 0.994534 0.090417 16.233801 0.010064 -0.090012 0.995890 0.000000 0.000000 0.000000 0.000000 1.000000
0.998641 0.051890 -0.004908 -0.000000 -0.051240 0.994641 0.089797 16.233801 0.009541 -0.089423 0.995948 0.000000 0.000000 0.000000 0.000000 1.000000
0.998876 0.047037 -0.005929 0.000000 -0.046378 0.995425 0.083536 16.233801 0.009831 -0.083167 0.996487 -0.000000 0.000000 0.000000 0.000000 1.000000
0.999116 0.041379 -0.007393 -0.000000 -0.040668 0.996054 0.078888 16.233801 0.010628 -0.078518 0.996856 0.000000 0.000000 0.000000 0.000000 1.000000
0.999164 0.040216 -0.007352 0.000000 -0.039519 0.996154 0.078204 16.233801 0.010468 -0.077848 0.996910 -0.000000 0.000000 0.000000 0.000000 1.000000
0.998930 0.046016 -0.004576 0.000000 -0.045480 0.995529 0.082791 16.233801 0.008365 -0.082495 0.996556 -0.000000 0.000000 0.000000 0.000000 1.000000
0.998565 0.053524 -0.001513 0.000000 -0.053175 0.994573 0.089427 16.233801 0.006291 -0.089218 0.995992 0.000000 0.000000 0.000000 0.000000 1.000000
0.998250 0.059115 0.001656 0.000000 -0.059027 0.994281 0.088997 16.233801 0.003615 -0.088939 0.996031 0.000000 0.000000 0.000000 0.000000 1.000000
0.998143 0.060620 0.005966 0.000000 -0.060906 0.994675 0.083137 16.233801 -0.000894 -0.083346 0.996520 0.000000 0.000000 0.000000 0.000000 1.000000
0.998240 0.058502 0.009737 0.000000 -0.059059 0.995569 0.073168 16.233801 -0.005414 -0.073614 0.997272 0.000000 0.000000 0.000000 0.000000 1.000000
0.998424 0.054899 0.011667 0.000000 -0.055550 0.996289 0.065745 16.233801 -0.008014 -0.066289 0.997768 0.000000 0.000000 0.000000 0.000000 1.000000
0.998900 0.045869 0.009752 0.000000 -0.046408 0.996795 0.065162 16.233801 -0.006732 -0.065543 0.997827 0.000000 0.000000 0.000000 0.000000 1.000000
0.999237 0.038482 0.006669 0.000000 -0.038865 0.996605 0.072576 16.233801 -0.003853 -0.072779 0.997341 0.000000 0.000000 0.000000 0.000000 1.000000
0.999424 0.033748 0.003636 -0.000000 -0.033936 0.995737 0.085768 16.233801 -0.000726 -0.085842 0.996308 0.000000 0.000000 0.000000 0.000000 1.000000
0.999544 0.030172 0.001134 -0.000000 -0.030140 0.994850 0.096770 16.233801 0.001792 -0.096760 0.995306 0.000000 0.000000 0.000000 0.000000 1.000000
0.999581 0.028917 -0.000810 0.000000 -0.028705 0.994924 0.096452 16.233801 0.003595 -0.096389 0.995337 0.000000 0.000000 0.000000 0.000000 1.000000
0.999545 0.030134 -0.001203 0.000000 -0.029917 0.995785 0.086706 16.233801 0.003811 -0.086631 0.996233 -0.000000 0.000000 0.000000 0.000000 1.000000
0.999470 0.032544 0.000049 0.000000 -0.032446 0.996368 0.078733 16.233801 0.002514 -0.078692 0.996896 -0.000000 0.000000 0.000000 0.000000 1.000000
0.999305 0.037272 0.000964 0.000000 -0.037234 0.996286 0.077645 16.233801 0.001934 -0.077627 0.996981 0.000000 0.000000 0.000000 0.000000 1.000000
0.999280 0.037935 0.000671 0.000000 -0.037878 0.996478 0.074810 16.233801 0.002170 -0.074782 0.997198 0.000000 0.000000 0.000000 0.000000 1.000000
0.999305 0.037254 -0.001210 0.000000 -0.037054 0.996400 0.076247 16.233801 0.004046 -0.076149 0.997088 0.000000 0.000000 0.000000 0.000000 1.000000
0.999437 0.033139 -0.005167 0.000000 -0.032661 0.996678 0.074608 16.233801 0.007622 -0.074397 0.997200 0.000000 0.000000 0.000000 0.000000 1.000000
0.999485 0.029992 -0.011399 0.000000 -0.029125 0.997133 0.069840 16.233801 0.013461 -0.069472 0.997493 0.000000 0.000000 0.000000 0.000000 1.000000
0.999651 0.017169 -0.020092 0.000000 -0.015963 0.998146 0.058730 16.233801 0.021063 -0.058388 0.998072 0.000000 0.000000 0.000000 0.000000 1.000000</float_array><technique_common><accessor source="#Neck-Matrix-animation-output-transform-array" count="30" stride="16"><param type="float4x4"/></accessor></technique_common></source><source id="Neck-Interpolations"><Name_array id="Neck-Interpolations-array" count="30">
 LINEAR LINEAR LINEAR LINEAR LINEAR LINEAR LINEAR LINEAR LINEAR LINEAR LINEAR
LINEAR LINEAR LINEAR LINEAR LINEAR LINEAR LINEAR LINEAR LINEAR LINEAR LINEAR LINEAR
LINEAR LINEAR LINEAR LINEAR LINEAR LINEAR LINEAR</Name_array><technique_common><accessor source="#Neck-Interpolations-array" count="30"><param type="name"/></accessor></technique_common></source><sampler id="Neck-Matrix-animation-transform"><input semantic="INPUT" source="#Neck-Matrix-animation-input"/><input semantic="OUTPUT" source="#Neck-Matrix-animation-output-transform"/><input semantic="INTERPOLATION" source="#Neck-Interpolations"/></sampler><channel source="#Neck-Matrix-animation-transform" target="Neck/matrix"/></animation>
    <animation id="Head-anim" name="Head"><source id="Head-Matrix-animation-input"><float_array id="Head-Matrix-animation-input-array" count="30">

0.000000 0.033333 0.066667 0.100000 0.133333 0.166667 0.200000 0.233333 0.266667 0.300000 0.333333 0.366667 0.400000 0.433333 0.466667 0.500000
0.533333 0.566667 0.600000 0.633333 0.666667 0.700000 0.733333 0.766667 0.800000 0.833333 0.866667 0.900000 0.933333 0.966667</float_array><technique_common><accessor source="#Head-Matrix-animation-input-array" count="30"><param name="TIME" type="float"/></accessor></technique_common></source><source id="Head-Matrix-animation-output-transform"><float_array id="Head-Matrix-animation-output-transform-array" count="480">

0.997739 -0.005402 -0.066997 0.000000 0.006991 0.999699 0.023496 6.761400 0.066850 -0.023911 0.997476 0.000000 0.000000 0.000000 0.000000 1.000000
0.997133 -0.014698 -0.074225 -0.000000 0.015232 0.999862 0.006634 6.761400 0.074117 -0.007745 0.997219 0.000000 0.000000 0.000000 0.000000 1.000000
0.996778 -0.016717 -0.078449 0.000000 0.016540 0.999859 -0.002910 6.761400 0.078486 0.001603 0.996914 0.000000 0.000000 0.000000 0.000000 1.000000
0.997361 -0.013776 -0.071277 0.000000 0.013481 0.999898 -0.004614 6.761400 0.071334 0.003640 0.997446 0.000000 0.000000 0.000000 0.000000 1.000000
0.997983 -0.007778 -0.062996 0.000000 0.007746 0.999970 -0.000751 6.761400 0.063000 0.000262 0.998014 0.000000 0.000000 0.000000 0.000000 1.000000
0.998450 -0.001014 -0.055649 0.000000 0.001473 0.999965 0.008198 6.761400 0.055639 -0.008268 0.998417 0.000000 0.000000 0.000000 0.000000 1.000000
0.998653 0.008668 -0.051160 0.000000 -0.007715 0.999793 0.018810 6.761400 0.051313 -0.018390 0.998513 0.000000 0.000000 0.000000 0.000000 1.000000
0.998745 0.018962 -0.046357 -0.000000 -0.018217 0.999699 0.016442 6.761400 0.046655 -0.015577 0.998790 0.000000 0.000000 0.000000 0.000000 1.000000
0.998765 0.025933 -0.042384 0.000000 -0.025757 0.999657 0.004687 6.761400 0.042491 -0.003589 0.999090 0.000000 0.000000 0.000000 0.000000 1.000000
0.998939 0.022368 -0.040254 0.000000 -0.022763 0.999697 -0.009374 6.761400 0.040032 0.010281 0.999146 -0.000000 0.000000 0.000000 0.000000 1.000000
0.999106 0.017086 -0.038668 -0.000000 -0.017586 0.999766 -0.012608 6.761400 0.038443 0.013277 0.999173 0.000000 0.000000 0.000000 0.000000 1.000000
0.999299 0.010978 -0.035798 0.000000 -0.010994 0.999940 -0.000265 6.761400 0.035793 0.000658 0.999359 0.000000 0.000000 0.000000 0.000000 1.000000
0.999393 0.004343 -0.034556 0.000000 -0.003813 0.999875 0.015376 6.761400 0.034618 -0.015235 0.999284 0.000000 0.000000 0.000000 0.000000 1.000000
0.999565 0.005218 -0.029040 0.000000 -0.004422 0.999614 0.027420 6.761400 0.029172 -0.027280 0.999202 0.000000 0.000000 0.000000 0.000000 1.000000
0.999840 0.014446 -0.010534 -0.000000 -0.014092 0.999357 0.032967 6.761400 0.011004 -0.032813 0.999401 0.000000 0.000000 0.000000 0.000000 1.000000
0.999685 0.022379 0.011401 0.000000 -0.022738 0.999216 0.032394 6.761400 -0.010667 -0.032643 0.999410 -0.000000 0.000000 0.000000 0.000000 1.000000
0.999347 0.024340 0.026703 0.000000 -0.025042 0.999341 0.026286 6.761400 -0.026046 -0.026937 0.999298 0.000000 0.000000 0.000000 0.000000 1.000000
0.999236 0.022042 0.032273 0.000000 -0.022816 0.999456 0.023825 6.761400 -0.031730 -0.024543 0.999195 0.000000 0.000000 0.000000 0.000000 1.000000
0.999407 0.017363 0.029741 0.000000 -0.018162 0.999476 0.026788 6.761400 -0.029261 -0.027312 0.999199 0.000000 0.000000 0.000000 0.000000 1.000000
0.999616 0.014396 0.023694 0.000000 -0.015265 0.999203 0.036884 6.761400 -0.023144 -0.037232 0.999039 0.000000 0.000000 0.000000 0.000000 1.000000
0.999763 0.011704 0.018369 0.000000 -0.012483 0.999001 0.042898 6.761400 -0.017849 -0.043117 0.998911 0.000000 0.000000 0.000000 0.000000 1.000000
0.999917 0.006938 0.010828 -0.000000 -0.007361 0.999191 0.039528 6.761400 -0.010545 -0.039604 0.999160 0.000000 0.000000 0.000000 0.000000 1.000000
0.999978 0.003281 0.005840 0.000000 -0.003452 0.999561 0.029418 6.761400 -0.005740 -0.029438 0.999550 0.000000 0.000000 0.000000 0.000000 1.000000
0.999973 0.001334 0.007247 0.000000 -0.001429 0.999912 0.013168 6.761400 -0.007229 -0.013178 0.999887 0.000000 0.000000 0.000000 0.000000 1.000000
0.999971 0.005869 0.004864 0.000000 -0.005863 0.999982 -0.001285 6.761400 -0.004871 0.001256 0.999987 0.000000 0.000000 0.000000 0.000000 1.000000
0.999857 0.016572 0.003437 0.000000 -0.016579 0.999861 0.001981 6.761400 -0.003404 -0.002038 0.999992 0.000000 0.000000 0.000000 0.000000 1.000000
0.999717 0.023529 -0.003611 0.000000 -0.023483 0.999649 0.012286 6.761400 0.003899 -0.012197 0.999918 -0.000000 0.000000 0.000000 0.000000 1.000000
0.999628 0.021981 -0.016146 0.000000 -0.021667 0.999577 0.019388 6.761400 0.016565 -0.019031 0.999682 0.000000 0.000000 0.000000 0.000000 1.000000
0.999041 0.008367 -0.042982 0.000000 -0.007396 0.999715 0.022699 6.761400 0.043160 -0.022360 0.998818 0.000000 0.000000 0.000000 0.000000 1.000000
0.997739 -0.005402 -0.066997 -0.000000 0.006991 0.999699 0.023496 6.761400 0.066850 -0.023911 0.997476 0.000000 0.000000 0.000000 0.000000 1.000000</float_array><technique_common><accessor source="#Head-Matrix-animation-output-transform-array" count="30" stride="16"><param type="float4x4"/></accessor></technique_common></source><source id="Head-Interpolations"><Name_array id="Head-Interpolations-array" count="30">
 LINEAR LINEAR LINEAR LINEAR LINEAR LINEAR LINEAR LINEAR LINEAR LINEAR LINEAR
LINEAR LINEAR LINEAR LINEAR LINEAR LINEAR LINEAR LINEAR LINEAR LINEAR LINEAR LINEAR
LINEAR LINEAR LINEAR LINEAR LINEAR LINEAR LINEAR</Name_array><technique_common><accessor source="#Head-Interpolations-array" count="30"><param type="name"/></accessor></technique_common></source><sampler id="Head-Matrix-animation-transform"><input semantic="INPUT" source="#Head-Matrix-animation-input"/><input semantic="OUTPUT" source="#Head-Matrix-animation-output-transform"/><input semantic="INTERPOLATION" source="#Head-Interpolations"/></sampler><channel source="#Head-Matrix-animation-transform" target="Head/matrix"/></animation>
    <animation id="LeftShoulder-anim" name="LeftShoulder"><source id="LeftShoulder-Matrix-animation-input"><float_array id="LeftShoulder-Matrix-animation-input-array" count="30">

0.000000 0.033333 0.066667 0.100000 0.133333 0.166667 0.200000 0.233333 0.266667 0.300000 0.333333 0.366667 0.400000 0.433333 0.466667 0.500000
0.533333 0.566667 0.600000 0.633333 0.666667 0.700000 0.733333 0.766667 0.800000 0.833333 0.866667 0.900000 0.933333 0.966667</float_array><technique_common><accessor source="#LeftShoulder-Matrix-animation-input-array" count="30"><param name="TIME" type="float"/></accessor></technique_common></source><source id="LeftShoulder-Matrix-animation-output-transform"><float_array id="LeftShoulder-Matrix-animation-output-transform-array" count="480">

0.930723 -0.078435 -0.357214 10.952700 0.031839 0.990401 -0.134510 13.317100 0.364336 0.113818 0.924286 -1.443600 0.000000 0.000000 0.000000 1.000000
0.931037 -0.066930 -0.358734 10.952700 0.020589 0.991105 -0.131478 13.317100 0.364343 0.115025 0.924134 -1.443600 0.000000 0.000000 0.000000 1.000000
0.939940 -0.031503 -0.339883 10.952700 -0.011255 0.992330 -0.123104 13.317100 0.341154 0.119535 0.932376 -1.443600 0.000000 0.000000 0.000000 1.000000
0.956511 0.007526 -0.291599 10.952700 -0.043244 0.992280 -0.116238 13.317100 0.288472 0.123793 0.949452 -1.443600 0.000000 0.000000 0.000000 1.000000
0.969544 0.039260 -0.241751 10.952700 -0.068196 0.991307 -0.112514 13.317100 0.235232 0.125574 0.963793 -1.443600 0.000000 0.000000 0.000000 1.000000
0.978103 0.059365 -0.199474 10.952700 -0.082849 0.990303 -0.111518 13.317100 0.190919 0.125602 0.973537 -1.443600 0.000000 0.000000 0.000000 1.000000
0.982186 0.064800 -0.176384 10.952700 -0.085451 0.990014 -0.112120 13.317100 0.167357 0.125195 0.977915 -1.443600 0.000000 0.000000 0.000000 1.000000
0.984846 0.066534 -0.160161 10.952700 -0.085236 0.989946 -0.112877 13.317100 0.151041 0.124818 0.980616 -1.443600 0.000000 0.000000 0.000000 1.000000
0.985595 0.066304 -0.155581 10.952700 -0.084463 0.989979 -0.113172 13.317100 0.146518 0.124683 0.981319 -1.443600 0.000000 0.000000 0.000000 1.000000
0.984612 0.067892 -0.161027 10.952700 -0.086652 0.989867 -0.112493 13.317100 0.151758 0.124715 0.980518 -1.443600 0.000000 0.000000 0.000000 1.000000
0.982615 0.090796 -0.161938 10.952700 -0.109212 0.988059 -0.108688 13.317100 0.150135 0.124484 0.980797 -1.443600 0.000000 0.000000 0.000000 1.000000
0.978367 0.119120 -0.169142 10.952700 -0.137811 0.985045 -0.103411 13.317100 0.154294 0.124484 0.980152 -1.443600 0.000000 0.000000 0.000000 1.000000
